Numero de onda	hidroxietil_teraftalato.dpt
3996.69914	0.96498
3994.64534	0.96548
3992.59153	0.96573
3990.53773	0.96572
3988.48393	0.96533
3986.43013	0.96521
3984.37632	0.96587
3982.32252	0.96625
3980.26872	0.96552
3978.21492	0.96471
3976.16112	0.96502
3974.10731	0.9659
3972.05351	0.96599
3969.99971	0.96526
3967.94591	0.96468
3965.8921	0.96467
3963.8383	0.965
3961.7845	0.96556
3959.7307	0.96628
3957.6769	0.96686
3955.62309	0.96723
3953.56929	0.96761
3951.51549	0.96783
3949.46169	0.96805
3947.40788	0.9682
3945.35408	0.96807
3943.30028	0.96834
3941.24648	0.96881
3939.19268	0.96863
3937.13887	0.968
3935.08507	0.96735
3933.03127	0.96688
3930.97747	0.96695
3928.92366	0.96745
3926.86986	0.96804
3924.81606	0.96852
3922.76226	0.96848
3920.70845	0.96821
3918.65465	0.96815
3916.60085	0.96825
3914.54705	0.96823
3912.49325	0.96798
3910.43944	0.96789
3908.38564	0.96792
3906.33184	0.96764
3904.27804	0.96774
3902.22423	0.96884
3900.17043	0.97008
3898.11663	0.97035
3896.06283	0.96985
3894.00903	0.96952
3891.95522	0.96954
3889.90142	0.96938
3887.84762	0.96901
3885.79382	0.96908
3883.74001	0.96936
3881.68621	0.96939
3879.63241	0.96974
3877.57861	0.96993
3875.52481	0.96987
3873.471	0.96962
3871.4172	0.96898
3869.3634	0.96905
3867.3096	0.96974
3865.25579	0.97006
3863.20199	0.96985
3861.14819	0.96969
3859.09439	0.96974
3857.04059	0.96909
3854.98678	0.96819
3852.93298	0.96946
3850.87918	0.97109
3848.82538	0.9705
3846.77157	0.96911
3844.71777	0.96842
3842.66397	0.96864
3840.61017	0.96922
3838.55637	0.97005
3836.50256	0.97049
3834.44876	0.97009
3832.39496	0.96974
3830.34116	0.96951
3828.28735	0.96915
3826.23355	0.96933
3824.17975	0.96982
3822.12595	0.97024
3820.07215	0.97065
3818.01834	0.9706
3815.96454	0.97084
3813.91074	0.97098
3811.85694	0.97002
3809.80313	0.96888
3807.74933	0.96875
3805.69553	0.96955
3803.64173	0.97013
3801.58793	0.97056
3799.53412	0.97055
3797.48032	0.97016
3795.42652	0.97024
3793.37272	0.97044
3791.31891	0.97015
3789.26511	0.96983
3787.21131	0.96992
3785.15751	0.97022
3783.10371	0.97019
3781.0499	0.97004
3778.9961	0.9706
3776.9423	0.97112
3774.8885	0.97084
3772.83469	0.97018
3770.78089	0.96948
3768.72709	0.96919
3766.67329	0.96949
3764.61949	0.97004
3762.56568	0.97017
3760.51188	0.97
3758.45808	0.97058
3756.40428	0.9714
3754.35047	0.97161
3752.29667	0.97204
3750.24287	0.97328
3748.18907	0.97327
3746.13527	0.97226
3744.08146	0.97211
3742.02766	0.97202
3739.97386	0.97142
3737.92006	0.97068
3735.86625	0.97056
3733.81245	0.97206
3731.75865	0.97319
3729.70485	0.97312
3727.65105	0.97281
3725.59724	0.97261
3723.54344	0.97254
3721.48964	0.97261
3719.43584	0.97286
3717.38203	0.97298
3715.32823	0.9727
3713.27443	0.97223
3711.22063	0.9717
3709.16683	0.97112
3707.11302	0.97084
3705.05922	0.97091
3703.00542	0.97142
3700.95162	0.97233
3698.89781	0.97272
3696.84401	0.97237
3694.79021	0.97184
3692.73641	0.97131
3690.68261	0.97081
3688.6288	0.97105
3686.575	0.97186
3684.5212	0.97197
3682.4674	0.97109
3680.41359	0.96997
3678.35979	0.96961
3676.30599	0.97068
3674.25219	0.97231
3672.19839	0.97225
3670.14458	0.97167
3668.09078	0.97187
3666.03698	0.97188
3663.98318	0.97168
3661.92937	0.97155
3659.87557	0.97102
3657.82177	0.97049
3655.76797	0.97076
3653.71417	0.97111
3651.66036	0.97125
3649.60656	0.97181
3647.55276	0.97199
3645.49896	0.97123
3643.44515	0.97035
3641.39135	0.96999
3639.33755	0.97008
3637.28375	0.96997
3635.22995	0.96937
3633.17614	0.96847
3631.12234	0.96776
3629.06854	0.96737
3627.01474	0.96706
3624.96093	0.96688
3622.90713	0.96684
3620.85333	0.96685
3618.79953	0.96685
3616.74573	0.96621
3614.69192	0.96511
3612.63812	0.96483
3610.58432	0.96544
3608.53052	0.96559
3606.47671	0.96463
3604.42291	0.96362
3602.36911	0.96326
3600.31531	0.96309
3598.26151	0.96262
3596.2077	0.96192
3594.1539	0.96159
3592.1001	0.96122
3590.0463	0.96028
3587.99249	0.95954
3585.93869	0.95932
3583.88489	0.95899
3581.83109	0.95837
3579.77728	0.95748
3577.72348	0.95656
3575.66968	0.95591
3573.61588	0.9552
3571.56208	0.95405
3569.50827	0.95281
3567.45447	0.95192
3565.40067	0.95108
3563.34687	0.95009
3561.29306	0.94911
3559.23926	0.94797
3557.18546	0.94643
3555.13166	0.94484
3553.07786	0.94351
3551.02405	0.94239
3548.97025	0.94146
3546.91645	0.94069
3544.86265	0.93987
3542.80884	0.93835
3540.75504	0.93631
3538.70124	0.9349
3536.64744	0.93415
3534.59364	0.93299
3532.53983	0.93101
3530.48603	0.92888
3528.43223	0.92742
3526.37843	0.92628
3524.32462	0.92468
3522.27082	0.92274
3520.21702	0.92085
3518.16322	0.91886
3516.10942	0.9169
3514.05561	0.91532
3512.00181	0.9139
3509.94801	0.91248
3507.89421	0.91113
3505.8404	0.90953
3503.7866	0.90768
3501.7328	0.90551
3499.679	0.9028
3497.6252	0.90017
3495.57139	0.89772
3493.51759	0.89497
3491.46379	0.8921
3489.40999	0.88922
3487.35618	0.88655
3485.30238	0.88425
3483.24858	0.88157
3481.19478	0.8781
3479.14098	0.87432
3477.08717	0.87072
3475.03337	0.86739
3472.97957	0.86399
3470.92577	0.86032
3468.87196	0.85667
3466.81816	0.85308
3464.76436	0.84908
3462.71056	0.84467
3460.65676	0.84028
3458.60295	0.83544
3456.54915	0.82979
3454.49535	0.82384
3452.44155	0.8181
3450.38774	0.81276
3448.33394	0.80758
3446.28014	0.80256
3444.22634	0.79873
3442.17254	0.79687
3440.11873	0.7965
3438.06493	0.79699
3436.01113	0.79815
3433.95733	0.7999
3431.90352	0.80204
3429.84972	0.80433
3427.79592	0.80678
3425.74212	0.8091
3423.68832	0.81081
3421.63451	0.81154
3419.58071	0.81135
3417.52691	0.81143
3415.47311	0.81242
3413.4193	0.81387
3411.3655	0.81574
3409.3117	0.81778
3407.2579	0.81936
3405.2041	0.82065
3403.15029	0.82178
3401.09649	0.82232
3399.04269	0.82259
3396.98889	0.82314
3394.93508	0.82375
3392.88128	0.82397
3390.82748	0.8236
3388.77368	0.82297
3386.71988	0.8226
3384.66607	0.82241
3382.61227	0.82195
3380.55847	0.82079
3378.50467	0.81935
3376.45086	0.81827
3374.39706	0.81711
3372.34326	0.81566
3370.28946	0.81424
3368.23566	0.81279
3366.18185	0.81135
3364.12805	0.8101
3362.07425	0.8087
3360.02045	0.80667
3357.96664	0.80415
3355.91284	0.80137
3353.85904	0.79844
3351.80524	0.7958
3349.75144	0.79376
3347.69763	0.79156
3345.64383	0.78867
3343.59003	0.78554
3341.53623	0.78247
3339.48242	0.77959
3337.42862	0.77678
3335.37482	0.77356
3333.32102	0.76997
3331.26722	0.7665
3329.21341	0.7635
3327.15961	0.76088
3325.10581	0.75825
3323.05201	0.75561
3320.9982	0.75288
3318.9444	0.75012
3316.8906	0.74786
3314.8368	0.74603
3312.783	0.74394
3310.72919	0.74139
3308.67539	0.73891
3306.62159	0.73666
3304.56779	0.73437
3302.51398	0.73189
3300.46018	0.72964
3298.40638	0.72775
3296.35258	0.7261
3294.29878	0.72494
3292.24497	0.72407
3290.19117	0.72309
3288.13737	0.72199
3286.08357	0.72154
3284.02976	0.72223
3281.97596	0.72316
3279.92216	0.72383
3277.86836	0.7245
3275.81456	0.72532
3273.76075	0.72632
3271.70695	0.72726
3269.65315	0.72819
3267.59935	0.7295
3265.54554	0.73084
3263.49174	0.73169
3261.43794	0.73242
3259.38414	0.73348
3257.33034	0.73492
3255.27653	0.73633
3253.22273	0.73722
3251.16893	0.73782
3249.11513	0.73858
3247.06132	0.73955
3245.00752	0.74081
3242.95372	0.74195
3240.89992	0.7428
3238.84611	0.74384
3236.79231	0.74515
3234.73851	0.74665
3232.68471	0.74872
3230.63091	0.75117
3228.5771	0.75344
3226.5233	0.7557
3224.4695	0.75824
3222.4157	0.76084
3220.36189	0.76359
3218.30809	0.76682
3216.25429	0.77051
3214.20049	0.7743
3212.14669	0.77796
3210.09288	0.78162
3208.03908	0.78558
3205.98528	0.78978
3203.93148	0.79395
3201.87767	0.79781
3199.82387	0.80117
3197.77007	0.80476
3195.71627	0.80914
3193.66247	0.81346
3191.60866	0.81716
3189.55486	0.82057
3187.50106	0.82402
3185.44726	0.82754
3183.39345	0.83089
3181.33965	0.83429
3179.28585	0.83772
3177.23205	0.84058
3175.17825	0.8433
3173.12444	0.8464
3171.07064	0.84944
3169.01684	0.8519
3166.96304	0.85417
3164.90923	0.85681
3162.85543	0.85945
3160.80163	0.86182
3158.74783	0.86435
3156.69403	0.86674
3154.64022	0.86866
3152.58642	0.87057
3150.53262	0.87262
3148.47882	0.87462
3146.42501	0.87632
3144.37121	0.87791
3142.31741	0.87963
3140.26361	0.88102
3138.20981	0.88191
3136.156	0.88264
3134.1022	0.88322
3132.0484	0.88371
3129.9946	0.88437
3127.94079	0.88547
3125.88699	0.88709
3123.83319	0.88885
3121.77939	0.89073
3119.72559	0.89263
3117.67178	0.89431
3115.61798	0.89584
3113.56418	0.89702
3111.51038	0.89731
3109.45657	0.89638
3107.40277	0.89517
3105.34897	0.89526
3103.29517	0.89726
3101.24137	0.90045
3099.18756	0.90375
3097.13376	0.90644
3095.07996	0.90828
3093.02616	0.90963
3090.97235	0.91066
3088.91855	0.91147
3086.86475	0.91258
3084.81095	0.9138
3082.75715	0.91433
3080.70334	0.91421
3078.64954	0.91424
3076.59574	0.91459
3074.54194	0.91487
3072.48813	0.91504
3070.43433	0.91513
3068.38053	0.91475
3066.32673	0.91352
3064.27293	0.91117
3062.21912	0.90739
3060.16532	0.90372
3058.11152	0.90342
3056.05772	0.90715
3054.00391	0.91248
3051.95011	0.91716
3049.89631	0.92027
3047.84251	0.92189
3045.78871	0.92263
3043.7349	0.92321
3041.6811	0.92398
3039.6273	0.92486
3037.5735	0.92589
3035.51969	0.92721
3033.46589	0.92845
3031.41209	0.92911
3029.35829	0.92926
3027.30449	0.92934
3025.25068	0.92958
3023.19688	0.93005
3021.14308	0.93053
3019.08928	0.93035
3017.03547	0.92957
3014.98167	0.92904
3012.92787	0.92909
3010.87407	0.92937
3008.82027	0.9295
3006.76646	0.92909
3004.71266	0.92809
3002.65886	0.92661
3000.60506	0.92458
2998.55125	0.92204
2996.49745	0.91868
2994.44365	0.91449
2992.38985	0.90999
2990.33605	0.90482
2988.28224	0.89832
2986.22844	0.89158
2984.17464	0.88678
2982.12084	0.88489
2980.06703	0.88519
2978.01323	0.88642
2975.95943	0.8869
2973.90563	0.88415
2971.85183	0.87631
2969.79802	0.86367
2967.74422	0.84805
2965.69042	0.83253
2963.63662	0.82123
2961.58281	0.81609
2959.52901	0.81538
2957.47521	0.8169
2955.42141	0.81917
2953.36761	0.82144
2951.3138	0.82395
2949.26	0.82639
2947.2062	0.82818
2945.1524	0.83005
2943.09859	0.8328
2941.04479	0.83614
2938.99099	0.83955
2936.93719	0.84255
2934.88339	0.8446
2932.82958	0.84575
2930.77578	0.8472
2928.72198	0.84922
2926.66818	0.8497
2924.61437	0.84767
2922.56057	0.84587
2920.50677	0.84744
2918.45297	0.85264
2916.39917	0.85968
2914.34536	0.8667
2912.29156	0.87234
2910.23776	0.87631
2908.18396	0.87934
2906.13015	0.88172
2904.07635	0.88296
2902.02255	0.88268
2899.96875	0.88074
2897.91494	0.8773
2895.86114	0.87355
2893.80734	0.87075
2891.75354	0.86854
2889.69974	0.86564
2887.64593	0.86142
2885.59213	0.85601
2883.53833	0.8496
2881.48453	0.84308
2879.43072	0.83869
2877.37692	0.83777
2875.32312	0.83933
2873.26932	0.84206
2871.21552	0.84573
2869.16171	0.85081
2867.10791	0.85732
2865.05411	0.86449
2863.00031	0.87131
2860.9465	0.87698
2858.8927	0.88134
2856.8389	0.88467
2854.7851	0.88734
2852.7313	0.88936
2850.67749	0.89105
2848.62369	0.89307
2846.56989	0.89508
2844.51609	0.89691
2842.46228	0.89885
2840.40848	0.90085
2838.35468	0.90294
2836.30088	0.90506
2834.24708	0.90714
2832.19327	0.90944
2830.13947	0.91169
2828.08567	0.91344
2826.03187	0.91516
2823.97806	0.91732
2821.92426	0.9196
2819.87046	0.92152
2817.81666	0.92294
2815.76286	0.92435
2813.70905	0.92612
2811.65525	0.92783
2809.60145	0.92905
2807.54765	0.92989
2805.49384	0.93092
2803.44004	0.93244
2801.38624	0.93393
2799.33244	0.93511
2797.27864	0.93613
2795.22483	0.9369
2793.17103	0.9375
2791.11723	0.93816
2789.06343	0.93892
2787.00962	0.93968
2784.95582	0.9404
2782.90202	0.94105
2780.84822	0.94157
2778.79442	0.94201
2776.74061	0.94228
2774.68681	0.94248
2772.63301	0.943
2770.57921	0.94376
2768.5254	0.94433
2766.4716	0.94468
2764.4178	0.94511
2762.364	0.94548
2760.3102	0.94586
2758.25639	0.94646
2756.20259	0.94694
2754.14879	0.947
2752.09499	0.94683
2750.04118	0.94684
2747.98738	0.94683
2745.93358	0.94643
2743.87978	0.94569
2741.82598	0.94489
2739.77217	0.94455
2737.71837	0.94485
2735.66457	0.94507
2733.61077	0.94496
2731.55696	0.94537
2729.50316	0.9464
2727.44936	0.94709
2725.39556	0.94723
2723.34176	0.94717
2721.28795	0.94702
2719.23415	0.94709
2717.18035	0.94757
2715.12655	0.94813
2713.07274	0.94847
2711.01894	0.94883
2708.96514	0.94946
2706.91134	0.95005
2704.85754	0.95032
2702.80373	0.95057
2700.74993	0.95115
2698.69613	0.95184
2696.64233	0.95224
2694.58852	0.95247
2692.53472	0.95289
2690.48092	0.95337
2688.42712	0.95366
2686.37332	0.95373
2684.31951	0.95362
2682.26571	0.95353
2680.21191	0.95348
2678.15811	0.95347
2676.1043	0.95368
2674.0505	0.95388
2671.9967	0.95375
2669.9429	0.95369
2667.8891	0.95412
2665.83529	0.95475
2663.78149	0.95499
2661.72769	0.95489
2659.67389	0.95471
2657.62008	0.95463
2655.56628	0.95475
2653.51248	0.95495
2651.45868	0.95506
2649.40488	0.95511
2647.35107	0.95521
2645.29727	0.9551
2643.24347	0.95475
2641.18967	0.95487
2639.13586	0.95544
2637.08206	0.95582
2635.02826	0.95599
2632.97446	0.95607
2630.92066	0.9559
2628.86685	0.95571
2626.81305	0.95602
2624.75925	0.95654
2622.70545	0.95684
2620.65164	0.95741
2618.59784	0.95817
2616.54404	0.95869
2614.49024	0.95938
2612.43644	0.95989
2610.38263	0.95987
2608.32883	0.95987
2606.27503	0.96019
2604.22123	0.96054
2602.16742	0.96086
2600.11362	0.96125
2598.05982	0.96133
2596.00602	0.96154
2593.95222	0.96231
2591.89841	0.9629
2589.84461	0.96304
2587.79081	0.9629
2585.73701	0.96237
2583.6832	0.96196
2581.6294	0.96227
2579.5756	0.96271
2577.5218	0.96269
2575.468	0.96245
2573.41419	0.9622
2571.36039	0.96215
2569.30659	0.96253
2567.25279	0.96321
2565.19898	0.96343
2563.14518	0.96317
2561.09138	0.96312
2559.03758	0.96294
2556.98377	0.96233
2554.92997	0.962
2552.87617	0.96173
2550.82237	0.96105
2548.76857	0.9605
2546.71476	0.96043
2544.66096	0.96019
2542.60716	0.95984
2540.55336	0.96043
2538.49955	0.96135
2536.44575	0.96139
2534.39195	0.96098
2532.33815	0.96093
2530.28435	0.96144
2528.23054	0.96212
2526.17674	0.96262
2524.12294	0.96301
2522.06914	0.96329
2520.01533	0.96352
2517.96153	0.96391
2515.90773	0.96405
2513.85393	0.96397
2511.80013	0.96464
2509.74632	0.9658
2507.69252	0.96644
2505.63872	0.9664
2503.58492	0.96584
2501.53111	0.96502
2499.47731	0.96439
2497.42351	0.96411
2495.36971	0.96413
2493.31591	0.96439
2491.2621	0.96467
2489.2083	0.96488
2487.1545	0.96513
2485.1007	0.96547
2483.04689	0.96587
2480.99309	0.9661
2478.93929	0.96621
2476.88549	0.96669
2474.83169	0.96719
2472.77788	0.96732
2470.72408	0.96757
2468.67028	0.96789
2466.61648	0.96812
2464.56267	0.96856
2462.50887	0.96905
2460.45507	0.96919
2458.40127	0.96913
2456.34747	0.96912
2454.29366	0.96915
2452.23986	0.96956
2450.18606	0.97021
2448.13226	0.97058
2446.07845	0.97094
2444.02465	0.97102
2441.97085	0.9705
2439.91705	0.97028
2437.86325	0.97039
2435.80944	0.97038
2433.75564	0.97055
2431.70184	0.97073
2429.64804	0.97093
2427.59423	0.97145
2425.54043	0.97173
2423.48663	0.97131
2421.43283	0.97071
2419.37903	0.97049
2417.32522	0.97041
2415.27142	0.97002
2413.21762	0.96948
2411.16382	0.96934
2409.11001	0.96938
2407.05621	0.96921
2405.00241	0.96897
2402.94861	0.9687
2400.89481	0.96838
2398.841	0.96799
2396.7872	0.9678
2394.7334	0.96806
2392.6796	0.96792
2390.62579	0.96703
2388.57199	0.96649
2386.51819	0.96668
2384.46439	0.96716
2382.41059	0.96782
2380.35678	0.96838
2378.30298	0.96867
2376.24918	0.96917
2374.19538	0.97022
2372.14157	0.9714
2370.08777	0.97231
2368.03397	0.97297
2365.98017	0.97389
2363.92637	0.97553
2361.87256	0.97605
2359.81876	0.97391
2357.76496	0.97145
2355.71116	0.97041
2353.65735	0.97094
2351.60355	0.97249
2349.54975	0.97343
2347.49595	0.9733
2345.44215	0.97291
2343.38834	0.9734
2341.33454	0.97429
2339.28074	0.97425
2337.22694	0.9737
2335.17313	0.97415
2333.11933	0.97542
2331.06553	0.97532
2329.01173	0.97366
2326.95793	0.97192
2324.90412	0.9707
2322.85032	0.97071
2320.79652	0.9717
2318.74272	0.9729
2316.68891	0.97413
2314.63511	0.97418
2312.58131	0.97271
2310.52751	0.97164
2308.47371	0.97164
2306.4199	0.97197
2304.3661	0.97246
2302.3123	0.9729
2300.2585	0.97268
2298.20469	0.97194
2296.15089	0.97131
2294.09709	0.97124
2292.04329	0.97194
2289.98949	0.97268
2287.93568	0.97252
2285.88188	0.97157
2283.82808	0.97068
2281.77428	0.9707
2279.72047	0.97167
2277.66667	0.97306
2275.61287	0.97397
2273.55907	0.97426
2271.50527	0.9753
2269.45146	0.97746
2267.39766	0.97892
2265.34386	0.97912
2263.29006	0.97902
2261.23625	0.97864
2259.18245	0.97791
2257.12865	0.97782
2255.07485	0.97877
2253.02105	0.97965
2250.96724	0.97964
2248.91344	0.97879
2246.85964	0.97784
2244.80584	0.9781
2242.75203	0.97941
2240.69823	0.98009
2238.64443	0.97988
2236.59063	0.97996
2234.53683	0.98027
2232.48302	0.98008
2230.42922	0.97954
2228.37542	0.97942
2226.32162	0.98009
2224.26781	0.981
2222.21401	0.98137
2220.16021	0.98164
2218.10641	0.98261
2216.0526	0.98352
2213.9988	0.98387
2211.945	0.9836
2209.8912	0.98205
2207.8374	0.98017
2205.78359	0.97944
2203.72979	0.98022
2201.67599	0.98248
2199.62219	0.98382
2197.56838	0.98274
2195.51458	0.9815
2193.46078	0.98215
2191.40698	0.98323
2189.35318	0.98359
2187.29937	0.98502
2185.24557	0.98627
2183.19177	0.98619
2181.13797	0.98563
2179.08416	0.98301
2177.03036	0.97963
2174.97656	0.97937
2172.92276	0.98072
2170.86896	0.97961
2168.81515	0.9776
2166.76135	0.97746
2164.70755	0.97758
2162.65375	0.97646
2160.59994	0.97761
2158.54614	0.98337
2156.49234	0.98559
2154.43854	0.98112
2152.38474	0.97768
2150.33093	0.97785
2148.27713	0.97937
2146.22333	0.98031
2144.16953	0.97894
2142.11572	0.97701
2140.06192	0.97718
2138.00812	0.97786
2135.95432	0.97798
2133.90052	0.97913
2131.84671	0.98092
2129.79291	0.98112
2127.73911	0.9796
2125.68531	0.97828
2123.6315	0.9774
2121.5777	0.97678
2119.5239	0.9768
2117.4701	0.97648
2115.4163	0.97505
2113.36249	0.97347
2111.30869	0.97265
2109.25489	0.97299
2107.20109	0.97469
2105.14728	0.97685
2103.09348	0.9787
2101.03968	0.97989
2098.98588	0.97994
2096.93208	0.97927
2094.87827	0.97905
2092.82447	0.9794
2090.77067	0.97903
2088.71687	0.97858
2086.66306	0.97984
2084.60926	0.98157
2082.55546	0.98177
2080.50166	0.9814
2078.44786	0.9817
2076.39405	0.98216
2074.34025	0.98291
2072.28645	0.98453
2070.23265	0.98543
2068.17884	0.98466
2066.12504	0.98428
2064.07124	0.98534
2062.01744	0.98616
2059.96364	0.98531
2057.90983	0.98311
2055.85603	0.98192
2053.80223	0.98192
2051.74843	0.9807
2049.69462	0.98002
2047.64082	0.98148
2045.58702	0.98292
2043.53322	0.98437
2041.47942	0.98537
2039.42561	0.98478
2037.37181	0.98398
2035.31801	0.98385
2033.26421	0.98512
2031.2104	0.98737
2029.1566	0.98794
2027.1028	0.98634
2025.049	0.9842
2022.9952	0.98214
2020.94139	0.98045
2018.88759	0.97991
2016.83379	0.98171
2014.77999	0.98567
2012.72618	0.98741
2010.67238	0.98538
2008.61858	0.983
2006.56478	0.98278
2004.51098	0.98395
2002.45717	0.98326
2000.40337	0.98073
1998.34957	0.97961
1996.29577	0.98005
1994.24196	0.98064
1992.18816	0.98122
1990.13436	0.98028
1988.08056	0.9781
1986.02676	0.97684
1983.97295	0.97683
1981.91915	0.97663
1979.86535	0.975
1977.81155	0.97379
1975.75774	0.97466
1973.70394	0.97596
1971.65014	0.97708
1969.59634	0.97768
1967.54254	0.97621
1965.48873	0.97398
1963.43493	0.9741
1961.38113	0.97613
1959.32733	0.97624
1957.27352	0.97225
1955.21972	0.96579
1953.16592	0.96031
1951.11212	0.95793
1949.05832	0.95975
1947.00451	0.96535
1944.95071	0.97093
1942.89691	0.97361
1940.84311	0.97483
1938.7893	0.97688
1936.7355	0.97916
1934.6817	0.98036
1932.6279	0.98117
1930.5741	0.98158
1928.52029	0.98084
1926.46649	0.98083
1924.41269	0.98265
1922.35889	0.98423
1920.30508	0.98418
1918.25128	0.98357
1916.19748	0.98307
1914.14368	0.98291
1912.08988	0.98317
1910.03607	0.98259
1907.98227	0.98132
1905.92847	0.98067
1903.87467	0.9803
1901.82086	0.97935
1899.76706	0.97852
1897.71326	0.97849
1895.65946	0.97867
1893.60566	0.97857
1891.55185	0.97846
1889.49805	0.9787
1887.44425	0.97886
1885.39045	0.97916
1883.33664	0.98057
1881.28284	0.98241
1879.22904	0.98262
1877.17524	0.98176
1875.12143	0.98173
1873.06763	0.98251
1871.01383	0.98312
1868.96003	0.9833
1866.90623	0.98308
1864.85242	0.98243
1862.79862	0.98193
1860.74482	0.98178
1858.69102	0.98172
1856.63721	0.9818
1854.58341	0.98253
1852.52961	0.98306
1850.47581	0.98279
1848.42201	0.98196
1846.3682	0.98025
1844.3144	0.97838
1842.2606	0.97821
1840.2068	0.97891
1838.15299	0.97846
1836.09919	0.97712
1834.04539	0.97602
1831.99159	0.97533
1829.93779	0.97412
1827.88398	0.97222
1825.83018	0.97041
1823.77638	0.96932
1821.72258	0.96879
1819.66877	0.96927
1817.61497	0.97108
1815.56117	0.97269
1813.50737	0.97309
1811.45357	0.97266
1809.39976	0.97228
1807.34596	0.97189
1805.29216	0.97143
1803.23836	0.97116
1801.18455	0.97123
1799.13075	0.97113
1797.07695	0.97098
1795.02315	0.97098
1792.96935	0.97135
1790.91554	0.97166
1788.86174	0.97121
1786.80794	0.97119
1784.75414	0.9714
1782.70033	0.97112
1780.64653	0.97026
1778.59273	0.96911
1776.53893	0.96781
1774.48513	0.96711
1772.43132	0.96717
1770.37752	0.96704
1768.32372	0.96618
1766.26992	0.96497
1764.21611	0.96412
1762.16231	0.96332
1760.10851	0.96267
1758.05471	0.96176
1756.00091	0.96054
1753.9471	0.95887
1751.8933	0.95632
1749.8395	0.952
1747.7857	0.94699
1745.73189	0.94173
1743.67809	0.93555
1741.62429	0.92896
1739.57049	0.92168
1737.51669	0.91425
1735.46288	0.90158
1733.40908	0.87242
1731.35528	0.82643
1729.30148	0.76298
1727.24767	0.68155
1725.19387	0.58881
1723.14007	0.48406
1721.08627	0.38429
1719.03247	0.30818
1716.97866	0.2621
1714.92486	0.23355
1712.87106	0.20596
1710.81726	0.18958
1708.76345	0.19801
1706.70965	0.23454
1704.65585	0.28826
1702.60205	0.34009
1700.54825	0.40209
1698.49444	0.46748
1696.44064	0.5147
1694.38684	0.54657
1692.33304	0.55631
1690.27923	0.55444
1688.22543	0.55659
1686.17163	0.57483
1684.11783	0.62017
1682.06403	0.66824
1680.01022	0.69328
1677.95642	0.7032
1675.90262	0.70269
1673.84882	0.70051
1671.79501	0.70759
1669.74121	0.7323
1667.68741	0.76754
1665.63361	0.79473
1663.57981	0.81655
1661.526	0.83575
1659.4722	0.84928
1657.4184	0.85763
1655.3646	0.86362
1653.31079	0.87275
1651.25699	0.88363
1649.20319	0.89015
1647.14939	0.89717
1645.09559	0.90475
1643.04178	0.90971
1640.98798	0.91336
1638.93418	0.91666
1636.88038	0.9205
1634.82657	0.92431
1632.77277	0.92644
1630.71897	0.92781
1628.66517	0.92895
1626.61137	0.92925
1624.55756	0.92942
1622.50376	0.93011
1620.44996	0.93044
1618.39616	0.93038
1616.34235	0.93099
1614.28855	0.93229
1612.23475	0.93369
1610.18095	0.93555
1608.12715	0.93772
1606.07334	0.94026
1604.01954	0.94299
1601.96574	0.9454
1599.91194	0.94715
1597.85813	0.9485
1595.80433	0.94982
1593.75053	0.95103
1591.69673	0.95208
1589.64293	0.95308
1587.58912	0.95384
1585.53532	0.95384
1583.48152	0.95319
1581.42772	0.95235
1579.37391	0.95182
1577.32011	0.95189
1575.26631	0.95258
1573.21251	0.95329
1571.15871	0.9543
1569.1049	0.95567
1567.0511	0.95608
1564.9973	0.9558
1562.9435	0.95565
1560.88969	0.95564
1558.83589	0.95576
1556.78209	0.95553
1554.72829	0.95493
1552.67449	0.95463
1550.62068	0.95461
1548.56688	0.95434
1546.51308	0.95372
1544.45928	0.95324
1542.40547	0.95315
1540.35167	0.95271
1538.29787	0.95097
1536.24407	0.94848
1534.19026	0.94453
1532.13646	0.93875
1530.08266	0.93346
1528.02886	0.92949
1525.97506	0.92674
1523.92125	0.92475
1521.86745	0.92236
1519.81365	0.9194
1517.75985	0.91548
1515.70604	0.9098
1513.65224	0.9031
1511.59844	0.89459
1509.54464	0.88165
1507.49084	0.8527
1505.43703	0.80874
1503.38323	0.79119
1501.32943	0.80237
1499.27563	0.82961
1497.22182	0.8546
1495.16802	0.86609
1493.11422	0.86905
1491.06042	0.8693
1489.00662	0.86917
1486.95281	0.8704
1484.89901	0.87329
1482.84521	0.87774
1480.79141	0.88366
1478.7376	0.88998
1476.6838	0.89593
1474.63	0.90096
1472.5762	0.90455
1470.5224	0.90632
1468.46859	0.90563
1466.41479	0.899
1464.36099	0.87916
1462.30719	0.85005
1460.25338	0.8252
1458.19958	0.81074
1456.14578	0.80907
1454.09198	0.8149
1452.03818	0.82327
1449.98437	0.83023
1447.93057	0.83212
1445.87677	0.83424
1443.82297	0.84261
1441.76916	0.85442
1439.71536	0.86436
1437.66156	0.87162
1435.60776	0.87693
1433.55396	0.88023
1431.50015	0.88254
1429.44635	0.88419
1427.39255	0.88459
1425.33875	0.88306
1423.28494	0.87887
1421.23114	0.87069
1419.17734	0.85257
1417.12354	0.82042
1415.06974	0.7769
1413.01593	0.71957
1410.96213	0.65398
1408.90833	0.59887
1406.85453	0.58029
1404.80072	0.61794
1402.74692	0.68618
1400.69312	0.74188
1398.63932	0.77672
1396.58552	0.79116
1394.53171	0.78911
1392.47791	0.7823
1390.42411	0.78059
1388.37031	0.78647
1386.3165	0.79586
1384.2627	0.80046
1382.2089	0.79753
1380.1551	0.78813
1378.1013	0.77292
1376.04749	0.75441
1373.99369	0.7402
1371.93989	0.73725
1369.88609	0.73973
1367.83228	0.73741
1365.77848	0.73019
1363.72468	0.73224
1361.67088	0.75653
1359.61708	0.79129
1357.56327	0.82079
1355.50947	0.84404
1353.45567	0.86184
1351.40187	0.87286
1349.34806	0.87685
1347.29426	0.87509
1345.24046	0.87138
1343.18666	0.87087
1341.13286	0.87522
1339.07905	0.88162
1337.02525	0.8864
1334.97145	0.88791
1332.91765	0.88493
1330.86384	0.8755
1328.81004	0.85927
1326.75624	0.8396
1324.70244	0.82348
1322.64864	0.81768
1320.59483	0.82236
1318.54103	0.83175
1316.48723	0.83986
1314.43343	0.84382
1312.37962	0.84313
1310.32582	0.83747
1308.27202	0.8255
1306.21822	0.8068
1304.16442	0.78529
1302.11061	0.76613
1300.05681	0.75018
1298.00301	0.73411
1295.94921	0.71585
1293.8954	0.69682
1291.8416	0.67773
1289.7878	0.65577
1287.734	0.62746
1285.6802	0.59247
1283.62639	0.5523
1281.57259	0.50775
1279.51879	0.46104
1277.46499	0.41572
1275.41118	0.37205
1273.35738	0.3286
1271.30358	0.28648
1269.24978	0.24847
1267.19598	0.21733
1265.14217	0.19436
1263.08837	0.17949
1261.03457	0.17333
1258.98077	0.17777
1256.92696	0.19323
1254.87316	0.21587
1252.81936	0.23741
1250.76556	0.24889
1248.71176	0.24651
1246.65795	0.23252
1244.60415	0.21402
1242.55035	0.20305
1240.49655	0.20897
1238.44274	0.22999
1236.38894	0.25789
1234.33514	0.28661
1232.28134	0.31508
1230.22754	0.34419
1228.17373	0.37306
1226.11993	0.39971
1224.06613	0.42283
1222.01233	0.44216
1219.95852	0.46008
1217.90472	0.48185
1215.85092	0.51087
1213.79712	0.54471
1211.74332	0.5775
1209.68951	0.60472
1207.63571	0.62569
1205.58191	0.64335
1203.52811	0.66189
1201.4743	0.6827
1199.4205	0.70395
1197.3667	0.72499
1195.3129	0.74675
1193.25909	0.7685
1191.20529	0.78854
1189.15149	0.80616
1187.09769	0.8214
1185.04389	0.83456
1182.99008	0.84606
1180.93628	0.85595
1178.88248	0.86413
1176.82868	0.87063
1174.77487	0.87587
1172.72107	0.87994
1170.66727	0.88226
1168.61347	0.88234
1166.55967	0.88015
1164.50586	0.87628
1162.45206	0.87111
1160.39826	0.86458
1158.34446	0.85716
1156.29065	0.84937
1154.23685	0.84178
1152.18305	0.8356
1150.12925	0.83096
1148.07545	0.82553
1146.02164	0.81574
1143.96784	0.79737
1141.91404	0.76503
1139.86024	0.71424
1137.80643	0.64381
1135.75263	0.55504
1133.69883	0.45609
1131.64503	0.36519
1129.59123	0.29856
1127.53742	0.2592
1125.48362	0.24342
1123.42982	0.25038
1121.37602	0.27973
1119.32221	0.32696
1117.26841	0.38296
1115.21461	0.43397
1113.16081	0.46561
1111.10701	0.46511
1109.0532	0.4328
1106.9994	0.40484
1104.9456	0.41402
1102.8918	0.43431
1100.83799	0.42837
1098.78419	0.40532
1096.73039	0.39394
1094.67659	0.40466
1092.62279	0.42931
1090.56898	0.45507
1088.51518	0.47282
1086.46138	0.47664
1084.40758	0.46142
1082.35377	0.42688
1080.29997	0.38078
1078.24617	0.33259
1076.19237	0.28832
1074.13857	0.25401
1072.08476	0.23109
1070.03096	0.21074
1067.97716	0.18923
1065.92336	0.17959
1063.86955	0.19562
1061.81575	0.23522
1059.76195	0.28555
1057.70815	0.33601
1055.65435	0.38214
1053.60054	0.42379
1051.54674	0.46271
1049.49294	0.4993
1047.43914	0.53317
1045.38533	0.56467
1043.33153	0.5942
1041.27773	0.62085
1039.22393	0.64238
1037.17013	0.65311
1035.11632	0.63872
1033.06252	0.58366
1031.00872	0.49884
1028.95492	0.4196
1026.90111	0.36348
1024.84731	0.32788
1022.79351	0.31493
1020.73971	0.31802
1018.68591	0.30591
1016.6321	0.27521
1014.5783	0.27723
1012.5245	0.32883
1010.4707	0.39093
1008.41689	0.44268
1006.36309	0.48765
1004.30929	0.52646
1002.25549	0.55851
1000.20169	0.58546
998.14788	0.60867
996.09408	0.62871
994.04028	0.64589
991.98648	0.66064
989.93267	0.67333
987.87887	0.68271
985.82507	0.68472
983.77127	0.67252
981.71747	0.6523
979.66366	0.65023
977.60986	0.67408
975.55606	0.70103
973.50226	0.71738
971.44845	0.72829
969.39465	0.73865
967.34085	0.74854
965.28705	0.75751
963.23325	0.76535
961.17944	0.77208
959.12564	0.77823
957.07184	0.78419
955.01804	0.79007
952.96423	0.79534
950.91043	0.79981
948.85663	0.80413
946.80283	0.80869
944.74903	0.8131
942.69522	0.81721
940.64142	0.8213
938.58762	0.82532
936.53382	0.82919
934.48001	0.83252
932.42621	0.83498
930.37241	0.837
928.31861	0.83908
926.26481	0.84147
924.211	0.84434
922.1572	0.84686
920.1034	0.84801
918.0496	0.84617
915.99579	0.83698
913.94199	0.81359
911.88819	0.77538
909.83439	0.73909
907.78059	0.71938
905.72678	0.7009
903.67298	0.65687
901.61918	0.58044
899.56538	0.48971
897.51157	0.4242
895.45777	0.41387
893.40397	0.44643
891.35017	0.49719
889.29637	0.55913
887.24256	0.62388
885.18876	0.67671
883.13496	0.70986
881.08116	0.71676
879.02735	0.67744
876.97355	0.58729
874.91975	0.50607
872.86595	0.49031
870.81215	0.51142
868.75834	0.53151
866.70454	0.56232
864.65074	0.60419
862.59694	0.63309
860.54313	0.65067
858.48933	0.67589
856.43553	0.70955
854.38173	0.74093
852.32792	0.76434
850.27412	0.78056
848.22032	0.79276
846.16652	0.80223
844.11272	0.80764
842.05891	0.80272
840.00511	0.77173
837.95131	0.71016
835.89751	0.65346
833.8437	0.62769
831.7899	0.61699
829.7361	0.62961
827.6823	0.67977
825.6285	0.73478
823.57469	0.76569
821.52089	0.77342
819.46709	0.76517
817.41329	0.75612
815.35948	0.76335
813.30568	0.78273
811.25188	0.79938
809.19808	0.80987
807.14428	0.81744
805.09047	0.8228
803.03667	0.82583
800.98287	0.82807
798.92907	0.83016
796.87526	0.83165
794.82146	0.83283
792.76766	0.83427
790.71386	0.8361
788.66006	0.83801
786.60625	0.83952
784.55245	0.84074
782.49865	0.84222
780.44485	0.8437
778.39104	0.84486
776.33724	0.8456
774.28344	0.84621
772.22964	0.84666
770.17584	0.84634
768.12203	0.84605
766.06823	0.84648
764.01443	0.84666
761.96063	0.84608
759.90682	0.84498
757.85302	0.84337
755.79922	0.8416
753.74542	0.83968
751.69162	0.83687
749.63781	0.83277
747.58401	0.82795
745.53021	0.82273
743.47641	0.81538
741.4226	0.8024
739.3688	0.7793
737.315	0.73623
735.2612	0.66558
733.2074	0.58295
731.15359	0.4975
729.09979	0.38496
727.04599	0.25248
724.99219	0.16339
722.93838	0.15512
720.88458	0.20715
718.83078	0.28356
716.77698	0.35721
714.72318	0.41563
712.66937	0.45839
710.61557	0.48929
708.56177	0.5112
706.50797	0.52608
704.45416	0.53596
702.40036	0.54158
700.34656	0.54334
698.29276	0.5429
696.23896	0.54141
694.18515	0.5386
692.13135	0.53408
690.07755	0.52804
688.02375	0.52136
685.96994	0.51419
683.91614	0.50641
681.86234	0.49891
679.80854	0.49201
677.75474	0.48563
675.70093	0.48045
673.64713	0.47646
671.59333	0.47343
669.53953	0.47105
667.48572	0.46978
665.43192	0.47107
663.37812	0.47302
661.32432	0.4746
659.27052	0.47659
657.21671	0.47903
655.16291	0.48143
653.10911	0.48373
651.05531	0.48579
649.0015	0.48825
646.9477	0.49107
644.8939	0.49315
642.8401	0.49448
640.7863	0.49548
638.73249	0.49589
636.67869	0.49565
634.62489	0.49465
632.57109	0.49308
630.51728	0.49115
628.46348	0.48848
626.40968	0.48591
624.35588	0.4845
622.30208	0.48411
620.24827	0.48427
618.19447	0.48426
616.14067	0.48398
614.08687	0.48485
612.03306	0.4863
609.97926	0.48722
607.92546	0.48891
605.87166	0.49166
603.81786	0.49477
601.76405	0.49881
599.71025	0.50328
597.65645	0.50673
595.60265	0.50905
593.54884	0.51094
591.49504	0.51427
589.44124	0.51866
587.38744	0.52135
585.33364	0.52248
583.27983	0.52379
581.22603	0.52506
579.17223	0.52581
577.11843	0.52652
575.06462	0.52574
573.01082	0.52319
570.95702	0.52051
568.90322	0.51819
566.84942	0.51624
564.79561	0.51335
562.74181	0.51061
560.68801	0.51202
558.63421	0.5174
556.5804	0.52419
554.5266	0.53207
552.4728	0.54096
550.419	0.55087
548.3652	0.56284
546.31139	0.57641
544.25759	0.58824
542.20379	0.59801
540.14999	0.60721
538.09618	0.61155
536.04238	0.60322
533.98858	0.57667
531.93478	0.53662
529.88098	0.49836
527.82717	0.4728
525.77337	0.46212
523.71957	0.46623
521.66577	0.47822
519.61196	0.48676
517.55816	0.48913
515.50436	0.49391
513.45056	0.50622
511.39675	0.52351
509.34295	0.54193
507.28915	0.55766
505.23535	0.56504
503.18155	0.55317
501.12774	0.51481
499.07394	0.46052
497.02014	0.40162
494.96634	0.34755
492.91253	0.31811
490.85873	0.32377
488.80493	0.35181
486.75113	0.38638
484.69733	0.41908
482.64352	0.44495
480.58972	0.46537
478.53592	0.48316
476.48212	0.49792
474.42831	0.51021
472.37451	0.52151
470.32071	0.53035
468.26691	0.53551
466.21311	0.53734
464.1593	0.53822
462.1055	0.54284
460.0517	0.55293
457.9979	0.56565
455.94409	0.57757
453.89029	0.58787
451.83649	0.59815
449.78269	0.60807
447.72889	0.61626
445.67508	0.62342
443.62128	0.6291
441.56748	0.63339
439.51368	0.63818
437.45987	0.64394
435.40607	0.64977
433.35227	0.65183
431.29847	0.64896
429.24467	0.64288
427.19086	0.63016
425.13706	0.60174
423.08326	0.5597
421.02946	0.52616
418.97565	0.52036
416.92185	0.54191
414.86805	0.57029
412.81425	0.59625
410.76045	0.61766
408.70664	0.63293
406.65284	0.64209
404.59904	0.64727
402.54524	0.65049
400.49143	0.65742
398.43763	0.67129
KMeans Clustering	5.0
Spectral Clustering	5.0
Agglomerative Clustering	5.0
