Numero de onda	Muestra 5
3996.69914	0.96754
3994.64534	0.96747
3992.59153	0.96752
3990.53773	0.96769
3988.48393	0.96798
3986.43013	0.96814
3984.37632	0.96807
3982.32252	0.96801
3980.26872	0.96819
3978.21492	0.96842
3976.16112	0.96829
3974.10731	0.9681
3972.05351	0.96814
3969.99971	0.9681
3967.94591	0.96799
3965.8921	0.96815
3963.8383	0.96818
3961.7845	0.96796
3959.7307	0.96807
3957.6769	0.96814
3955.62309	0.96806
3953.56929	0.96833
3951.51549	0.96856
3949.46169	0.96838
3947.40788	0.96808
3945.35408	0.96791
3943.30028	0.96784
3941.24648	0.96784
3939.19268	0.96786
3937.13887	0.96786
3935.08507	0.96798
3933.03127	0.96814
3930.97747	0.96794
3928.92366	0.9677
3926.86986	0.96788
3924.81606	0.96818
3922.76226	0.9684
3920.70845	0.96855
3918.65465	0.96848
3916.60085	0.96806
3914.54705	0.96764
3912.49325	0.96759
3910.43944	0.96771
3908.38564	0.96756
3906.33184	0.96733
3904.27804	0.96761
3902.22423	0.96831
3900.17043	0.96848
3898.11663	0.96823
3896.06283	0.96829
3894.00903	0.96843
3891.95522	0.96834
3889.90142	0.968
3887.84762	0.96761
3885.79382	0.96775
3883.74001	0.96833
3881.68621	0.96861
3879.63241	0.96856
3877.57861	0.96848
3875.52481	0.96843
3873.471	0.96837
3871.4172	0.96834
3869.3634	0.96829
3867.3096	0.96824
3865.25579	0.9684
3863.20199	0.96868
3861.14819	0.96864
3859.09439	0.96846
3857.04059	0.96837
3854.98678	0.96836
3852.93298	0.96854
3850.87918	0.96888
3848.82538	0.96912
3846.77157	0.96904
3844.71777	0.96866
3842.66397	0.96826
3840.61017	0.96804
3838.55637	0.96813
3836.50256	0.96861
3834.44876	0.96881
3832.39496	0.96858
3830.34116	0.96841
3828.28735	0.96857
3826.23355	0.96892
3824.17975	0.96922
3822.12595	0.96925
3820.07215	0.96905
3818.01834	0.96896
3815.96454	0.96914
3813.91074	0.9694
3811.85694	0.96965
3809.80313	0.96973
3807.74933	0.96937
3805.69553	0.96901
3803.64173	0.96907
3801.58793	0.96921
3799.53412	0.96936
3797.48032	0.96951
3795.42652	0.96932
3793.37272	0.96907
3791.31891	0.96931
3789.26511	0.96981
3787.21131	0.97014
3785.15751	0.97014
3783.10371	0.96965
3781.0499	0.96903
3778.9961	0.96888
3776.9423	0.96919
3774.8885	0.9694
3772.83469	0.96928
3770.78089	0.969
3768.72709	0.96898
3766.67329	0.96928
3764.61949	0.96965
3762.56568	0.97009
3760.51188	0.9706
3758.45808	0.97085
3756.40428	0.97069
3754.35047	0.97051
3752.29667	0.97054
3750.24287	0.97088
3748.18907	0.97142
3746.13527	0.97174
3744.08146	0.97143
3742.02766	0.971
3739.97386	0.97109
3737.92006	0.97113
3735.86625	0.97071
3733.81245	0.97089
3731.75865	0.9714
3729.70485	0.97106
3727.65105	0.97024
3725.59724	0.96958
3723.54344	0.96965
3721.48964	0.97021
3719.43584	0.97035
3717.38203	0.96997
3715.32823	0.96945
3713.27443	0.96877
3711.22063	0.96808
3709.16683	0.9678
3707.11302	0.96761
3705.05922	0.96743
3703.00542	0.96713
3700.95162	0.9665
3698.89781	0.96591
3696.84401	0.96558
3694.79021	0.96562
3692.73641	0.96618
3690.68261	0.96667
3688.6288	0.96637
3686.575	0.96584
3684.5212	0.96586
3682.4674	0.96624
3680.41359	0.9664
3678.35979	0.96612
3676.30599	0.96574
3674.25219	0.96549
3672.19839	0.96533
3670.14458	0.96542
3668.09078	0.96571
3666.03698	0.96578
3663.98318	0.96542
3661.92937	0.96482
3659.87557	0.96462
3657.82177	0.96464
3655.76797	0.96424
3653.71417	0.96393
3651.66036	0.96394
3649.60656	0.96345
3647.55276	0.96281
3645.49896	0.9628
3643.44515	0.96296
3641.39135	0.96289
3639.33755	0.96252
3637.28375	0.96241
3635.22995	0.96252
3633.17614	0.96231
3631.12234	0.96165
3629.06854	0.96068
3627.01474	0.96039
3624.96093	0.96076
3622.90713	0.96112
3620.85333	0.96139
3618.79953	0.96143
3616.74573	0.96134
3614.69192	0.96133
3612.63812	0.96135
3610.58432	0.96137
3608.53052	0.96094
3606.47671	0.96015
3604.42291	0.9598
3602.36911	0.95992
3600.31531	0.96026
3598.26151	0.96061
3596.2077	0.96099
3594.1539	0.96149
3592.1001	0.96201
3590.0463	0.96235
3587.99249	0.96231
3585.93869	0.96201
3583.88489	0.96174
3581.83109	0.9615
3579.77728	0.96162
3577.72348	0.96207
3575.66968	0.96202
3573.61588	0.96139
3571.56208	0.96072
3569.50827	0.96039
3567.45447	0.96052
3565.40067	0.96072
3563.34687	0.96076
3561.29306	0.96072
3559.23926	0.96067
3557.18546	0.96076
3555.13166	0.9608
3553.07786	0.96073
3551.02405	0.96087
3548.97025	0.96082
3546.91645	0.96057
3544.86265	0.96077
3542.80884	0.9611
3540.75504	0.96104
3538.70124	0.96071
3536.64744	0.96042
3534.59364	0.96037
3532.53983	0.96053
3530.48603	0.96057
3528.43223	0.96033
3526.37843	0.96006
3524.32462	0.96015
3522.27082	0.96042
3520.21702	0.96042
3518.16322	0.96023
3516.10942	0.96013
3514.05561	0.9601
3512.00181	0.96015
3509.94801	0.9602
3507.89421	0.96004
3505.8404	0.95978
3503.7866	0.95975
3501.7328	0.95995
3499.679	0.96
3497.6252	0.95984
3495.57139	0.95974
3493.51759	0.95976
3491.46379	0.95966
3489.40999	0.95939
3487.35618	0.95906
3485.30238	0.95866
3483.24858	0.95857
3481.19478	0.95906
3479.14098	0.95952
3477.08717	0.95927
3475.03337	0.95864
3472.97957	0.95832
3470.92577	0.95821
3468.87196	0.95805
3466.81816	0.95801
3464.76436	0.95819
3462.71056	0.95837
3460.65676	0.95851
3458.60295	0.95868
3456.54915	0.95874
3454.49535	0.95877
3452.44155	0.95899
3450.38774	0.95914
3448.33394	0.95896
3446.28014	0.95854
3444.22634	0.95817
3442.17254	0.95812
3440.11873	0.95806
3438.06493	0.95787
3436.01113	0.95804
3433.95733	0.95858
3431.90352	0.95897
3429.84972	0.95879
3427.79592	0.95821
3425.74212	0.9577
3423.68832	0.95757
3421.63451	0.95784
3419.58071	0.95835
3417.52691	0.95864
3415.47311	0.95843
3413.4193	0.95819
3411.3655	0.95814
3409.3117	0.95809
3407.2579	0.95818
3405.2041	0.95839
3403.15029	0.95823
3401.09649	0.95785
3399.04269	0.9577
3396.98889	0.95793
3394.93508	0.95834
3392.88128	0.95828
3390.82748	0.95771
3388.77368	0.95741
3386.71988	0.95756
3384.66607	0.95791
3382.61227	0.9584
3380.55847	0.95887
3378.50467	0.95904
3376.45086	0.95887
3374.39706	0.95857
3372.34326	0.95845
3370.28946	0.95847
3368.23566	0.95827
3366.18185	0.95809
3364.12805	0.9582
3362.07425	0.95824
3360.02045	0.95817
3357.96664	0.95821
3355.91284	0.9583
3353.85904	0.95862
3351.80524	0.95897
3349.75144	0.95886
3347.69763	0.95859
3345.64383	0.95848
3343.59003	0.95858
3341.53623	0.95888
3339.48242	0.9591
3337.42862	0.95903
3335.37482	0.95883
3333.32102	0.95872
3331.26722	0.9587
3329.21341	0.95872
3327.15961	0.95878
3325.10581	0.95891
3323.05201	0.95904
3320.9982	0.95911
3318.9444	0.9592
3316.8906	0.95935
3314.8368	0.95942
3312.783	0.95945
3310.72919	0.95975
3308.67539	0.96002
3306.62159	0.95987
3304.56779	0.95981
3302.51398	0.96013
3300.46018	0.96023
3298.40638	0.95996
3296.35258	0.95987
3294.29878	0.95999
3292.24497	0.95995
3290.19117	0.95994
3288.13737	0.96004
3286.08357	0.95992
3284.02976	0.95972
3281.97596	0.95974
3279.92216	0.95995
3277.86836	0.96017
3275.81456	0.96027
3273.76075	0.9603
3271.70695	0.96031
3269.65315	0.96034
3267.59935	0.96056
3265.54554	0.96083
3263.49174	0.96103
3261.43794	0.96118
3259.38414	0.96127
3257.33034	0.9613
3255.27653	0.96131
3253.22273	0.9614
3251.16893	0.96145
3249.11513	0.96141
3247.06132	0.9616
3245.00752	0.96198
3242.95372	0.962
3240.89992	0.96162
3238.84611	0.96141
3236.79231	0.96149
3234.73851	0.96165
3232.68471	0.96182
3230.63091	0.96189
3228.5771	0.96203
3226.5233	0.9622
3224.4695	0.9621
3222.4157	0.96191
3220.36189	0.96194
3218.30809	0.96212
3216.25429	0.96228
3214.20049	0.96248
3212.14669	0.96269
3210.09288	0.96286
3208.03908	0.96313
3205.98528	0.96336
3203.93148	0.96331
3201.87767	0.96312
3199.82387	0.96305
3197.77007	0.96307
3195.71627	0.96311
3193.66247	0.96327
3191.60866	0.96353
3189.55486	0.96373
3187.50106	0.96385
3185.44726	0.96377
3183.39345	0.96368
3181.33965	0.96386
3179.28585	0.96402
3177.23205	0.964
3175.17825	0.96388
3173.12444	0.96367
3171.07064	0.96365
3169.01684	0.96391
3166.96304	0.96428
3164.90923	0.9647
3162.85543	0.96497
3160.80163	0.96503
3158.74783	0.965
3156.69403	0.96485
3154.64022	0.96462
3152.58642	0.96452
3150.53262	0.96453
3148.47882	0.9647
3146.42501	0.96519
3144.37121	0.96556
3142.31741	0.96563
3140.26361	0.9658
3138.20981	0.96591
3136.156	0.96574
3134.1022	0.96553
3132.0484	0.96556
3129.9946	0.96574
3127.94079	0.96587
3125.88699	0.96602
3123.83319	0.9661
3121.77939	0.96585
3119.72559	0.96558
3117.67178	0.96574
3115.61798	0.96612
3113.56418	0.96603
3111.51038	0.96548
3109.45657	0.96522
3107.40277	0.96536
3105.34897	0.96566
3103.29517	0.96592
3101.24137	0.96593
3099.18756	0.96582
3097.13376	0.96573
3095.07996	0.9655
3093.02616	0.96522
3090.97235	0.96508
3088.91855	0.96485
3086.86475	0.96439
3084.81095	0.96404
3082.75715	0.96425
3080.70334	0.96474
3078.64954	0.96483
3076.59574	0.96448
3074.54194	0.96429
3072.48813	0.96435
3070.43433	0.96442
3068.38053	0.96455
3066.32673	0.96472
3064.27293	0.96479
3062.21912	0.96481
3060.16532	0.96491
3058.11152	0.96501
3056.05772	0.96489
3054.00391	0.96453
3051.95011	0.96422
3049.89631	0.96417
3047.84251	0.96426
3045.78871	0.96438
3043.7349	0.96448
3041.6811	0.96439
3039.6273	0.96418
3037.5735	0.9641
3035.51969	0.9641
3033.46589	0.96388
3031.41209	0.96343
3029.35829	0.96324
3027.30449	0.96345
3025.25068	0.96367
3023.19688	0.96372
3021.14308	0.96366
3019.08928	0.96364
3017.03547	0.96373
3014.98167	0.96375
3012.92787	0.96369
3010.87407	0.96371
3008.82027	0.96392
3006.76646	0.96396
3004.71266	0.96359
3002.65886	0.96313
3000.60506	0.9629
2998.55125	0.96291
2996.49745	0.96292
2994.44365	0.96291
2992.38985	0.96292
2990.33605	0.96266
2988.28224	0.96204
2986.22844	0.96135
2984.17464	0.96063
2982.12084	0.95983
2980.06703	0.95906
2978.01323	0.95816
2975.95943	0.95678
2973.90563	0.95496
2971.85183	0.95315
2969.79802	0.95132
2967.74422	0.94911
2965.69042	0.94644
2963.63662	0.94358
2961.58281	0.94089
2959.52901	0.93834
2957.47521	0.93569
2955.42141	0.93304
2953.36761	0.93055
2951.3138	0.92799
2949.26	0.92464
2947.2062	0.91987
2945.1524	0.9132
2943.09859	0.90423
2941.04479	0.89277
2938.99099	0.87864
2936.93719	0.86162
2934.88339	0.84137
2932.82958	0.81769
2930.77578	0.79028
2928.72198	0.75793
2926.66818	0.71867
2924.61437	0.6707
2922.56057	0.61357
2920.50677	0.54997
2918.45297	0.48677
2916.39917	0.43607
2914.34536	0.41226
2912.29156	0.42121
2910.23776	0.45432
2908.18396	0.49679
2906.13015	0.53776
2904.07635	0.57233
2902.02255	0.59994
2899.96875	0.62217
2897.91494	0.64096
2895.86114	0.65787
2893.80734	0.67399
2891.75354	0.69008
2889.69974	0.70663
2887.64593	0.72377
2885.59213	0.74141
2883.53833	0.7594
2881.48453	0.77779
2879.43072	0.79665
2877.37692	0.81522
2875.32312	0.83189
2873.26932	0.84535
2871.21552	0.85496
2869.16171	0.86057
2867.10791	0.86205
2865.05411	0.85898
2863.00031	0.85032
2860.9465	0.83432
2858.8927	0.80807
2856.8389	0.76685
2854.7851	0.70496
2852.7313	0.62096
2850.67749	0.52788
2848.62369	0.4566
2846.56989	0.43709
2844.51609	0.47247
2842.46228	0.53962
2840.40848	0.61193
2838.35468	0.6743
2836.30088	0.72313
2834.24708	0.76036
2832.19327	0.78883
2830.13947	0.81101
2828.08567	0.82869
2826.03187	0.8429
2823.97806	0.85452
2821.92426	0.86423
2819.87046	0.87247
2817.81666	0.87971
2815.76286	0.88619
2813.70905	0.89181
2811.65525	0.89652
2809.60145	0.90054
2807.54765	0.90415
2805.49384	0.90767
2803.44004	0.91109
2801.38624	0.91394
2799.33244	0.91629
2797.27864	0.91869
2795.22483	0.92115
2793.17103	0.92346
2791.11723	0.92561
2789.06343	0.92772
2787.00962	0.9299
2784.95582	0.932
2782.90202	0.93375
2780.84822	0.93533
2778.79442	0.93692
2776.74061	0.93827
2774.68681	0.93931
2772.63301	0.94024
2770.57921	0.94119
2768.5254	0.94218
2766.4716	0.94316
2764.4178	0.94404
2762.364	0.94482
2760.3102	0.94553
2758.25639	0.94623
2756.20259	0.94676
2754.14879	0.9472
2752.09499	0.94776
2750.04118	0.94827
2747.98738	0.94859
2745.93358	0.94869
2743.87978	0.94858
2741.82598	0.94867
2739.77217	0.94907
2737.71837	0.94955
2735.66457	0.9499
2733.61077	0.9502
2731.55696	0.95063
2729.50316	0.95104
2727.44936	0.95137
2725.39556	0.95189
2723.34176	0.95237
2721.28795	0.95252
2719.23415	0.95263
2717.18035	0.95299
2715.12655	0.95337
2713.07274	0.95362
2711.01894	0.95381
2708.96514	0.9539
2706.91134	0.95416
2704.85754	0.95465
2702.80373	0.95496
2700.74993	0.9552
2698.69613	0.95557
2696.64233	0.95583
2694.58852	0.95602
2692.53472	0.95632
2690.48092	0.95649
2688.42712	0.95654
2686.37332	0.95669
2684.31951	0.95688
2682.26571	0.95699
2680.21191	0.95692
2678.15811	0.95681
2676.1043	0.95679
2674.0505	0.95662
2671.9967	0.95612
2669.9429	0.95552
2667.8891	0.95509
2665.83529	0.95491
2663.78149	0.95493
2661.72769	0.95491
2659.67389	0.95482
2657.62008	0.95476
2655.56628	0.95469
2653.51248	0.95474
2651.45868	0.9551
2649.40488	0.95557
2647.35107	0.95585
2645.29727	0.9558
2643.24347	0.95548
2641.18967	0.95513
2639.13586	0.95494
2637.08206	0.95495
2635.02826	0.95501
2632.97446	0.95525
2630.92066	0.95583
2628.86685	0.95652
2626.81305	0.95703
2624.75925	0.95734
2622.70545	0.95767
2620.65164	0.95806
2618.59784	0.95849
2616.54404	0.95896
2614.49024	0.95931
2612.43644	0.95962
2610.38263	0.95993
2608.32883	0.96016
2606.27503	0.96051
2604.22123	0.96109
2602.16742	0.96166
2600.11362	0.962
2598.05982	0.96204
2596.00602	0.9621
2593.95222	0.96247
2591.89841	0.96279
2589.84461	0.96287
2587.79081	0.96322
2585.73701	0.96387
2583.6832	0.96419
2581.6294	0.96428
2579.5756	0.96435
2577.5218	0.96426
2575.468	0.96425
2573.41419	0.96436
2571.36039	0.9645
2569.30659	0.96478
2567.25279	0.96486
2565.19898	0.96484
2563.14518	0.96508
2561.09138	0.96512
2559.03758	0.96484
2556.98377	0.9649
2554.92997	0.96537
2552.87617	0.96595
2550.82237	0.96625
2548.76857	0.96619
2546.71476	0.96605
2544.66096	0.96604
2542.60716	0.96633
2540.55336	0.96675
2538.49955	0.96696
2536.44575	0.96699
2534.39195	0.96696
2532.33815	0.96679
2530.28435	0.96629
2528.23054	0.96602
2526.17674	0.9665
2524.12294	0.96722
2522.06914	0.96763
2520.01533	0.96768
2517.96153	0.96769
2515.90773	0.96792
2513.85393	0.96832
2511.80013	0.9687
2509.74632	0.96888
2507.69252	0.96886
2505.63872	0.96873
2503.58492	0.96856
2501.53111	0.96845
2499.47731	0.96848
2497.42351	0.96863
2495.36971	0.96875
2493.31591	0.96885
2491.2621	0.9691
2489.2083	0.96924
2487.1545	0.96921
2485.1007	0.96944
2483.04689	0.96999
2480.99309	0.97038
2478.93929	0.97012
2476.88549	0.96963
2474.83169	0.96958
2472.77788	0.96985
2470.72408	0.97006
2468.67028	0.97027
2466.61648	0.9705
2464.56267	0.97041
2462.50887	0.97021
2460.45507	0.97031
2458.40127	0.97067
2456.34747	0.97102
2454.29366	0.97125
2452.23986	0.97144
2450.18606	0.97138
2448.13226	0.971
2446.07845	0.97078
2444.02465	0.9707
2441.97085	0.97054
2439.91705	0.97054
2437.86325	0.97064
2435.80944	0.97066
2433.75564	0.97088
2431.70184	0.97145
2429.64804	0.97184
2427.59423	0.97176
2425.54043	0.97159
2423.48663	0.97144
2421.43283	0.97122
2419.37903	0.971
2417.32522	0.97075
2415.27142	0.97045
2413.21762	0.97043
2411.16382	0.97076
2409.11001	0.97108
2407.05621	0.97123
2405.00241	0.97117
2402.94861	0.97106
2400.89481	0.97117
2398.841	0.97139
2396.7872	0.97143
2394.7334	0.97134
2392.6796	0.9713
2390.62579	0.97135
2388.57199	0.9714
2386.51819	0.97151
2384.46439	0.97182
2382.41059	0.97226
2380.35678	0.97241
2378.30298	0.97205
2376.24918	0.97164
2374.19538	0.97168
2372.14157	0.97217
2370.08777	0.97232
2368.03397	0.97174
2365.98017	0.97143
2363.92637	0.97209
2361.87256	0.97266
2359.81876	0.97235
2357.76496	0.97187
2355.71116	0.97106
2353.65735	0.97013
2351.60355	0.97005
2349.54975	0.97008
2347.49595	0.9698
2345.44215	0.96963
2343.38834	0.96918
2341.33454	0.96842
2339.28074	0.96844
2337.22694	0.96917
2335.17313	0.96962
2333.11933	0.969
2331.06553	0.96785
2329.01173	0.96769
2326.95793	0.96824
2324.90412	0.96826
2322.85032	0.9681
2320.79652	0.96836
2318.74272	0.96884
2316.68891	0.96936
2314.63511	0.96979
2312.58131	0.97007
2310.52751	0.97026
2308.47371	0.9705
2306.4199	0.97076
2304.3661	0.97074
2302.3123	0.97047
2300.2585	0.97053
2298.20469	0.97097
2296.15089	0.97118
2294.09709	0.97108
2292.04329	0.97103
2289.98949	0.97111
2287.93568	0.97093
2285.88188	0.97047
2283.82808	0.97046
2281.77428	0.97128
2279.72047	0.97234
2277.66667	0.97271
2275.61287	0.97239
2273.55907	0.97222
2271.50527	0.97279
2269.45146	0.97372
2267.39766	0.97413
2265.34386	0.97386
2263.29006	0.97372
2261.23625	0.97399
2259.18245	0.97379
2257.12865	0.97312
2255.07485	0.97322
2253.02105	0.97435
2250.96724	0.9753
2248.91344	0.97494
2246.85964	0.9739
2244.80584	0.97363
2242.75203	0.97393
2240.69823	0.97422
2238.64443	0.9748
2236.59063	0.97529
2234.53683	0.9755
2232.48302	0.97533
2230.42922	0.97397
2228.37542	0.97248
2226.32162	0.97252
2224.26781	0.97362
2222.21401	0.97479
2220.16021	0.97543
2218.10641	0.97523
2216.0526	0.97537
2213.9988	0.97667
2211.945	0.97771
2209.8912	0.97723
2207.8374	0.97588
2205.78359	0.97526
2203.72979	0.97574
2201.67599	0.97646
2199.62219	0.97681
2197.56838	0.97637
2195.51458	0.97558
2193.46078	0.97471
2191.40698	0.97342
2189.35318	0.9725
2187.29937	0.97226
2185.24557	0.97309
2183.19177	0.97489
2181.13797	0.97614
2179.08416	0.97695
2177.03036	0.97708
2174.97656	0.97609
2172.92276	0.97471
2170.86896	0.97427
2168.81515	0.97568
2166.76135	0.97704
2164.70755	0.97851
2162.65375	0.98105
2160.59994	0.98192
2158.54614	0.98143
2156.49234	0.98097
2154.43854	0.97951
2152.38474	0.97817
2150.33093	0.97783
2148.27713	0.97737
2146.22333	0.97691
2144.16953	0.97741
2142.11572	0.97787
2140.06192	0.97755
2138.00812	0.97786
2135.95432	0.97865
2133.90052	0.97907
2131.84671	0.9795
2129.79291	0.97884
2127.73911	0.97712
2125.68531	0.97612
2123.6315	0.97583
2121.5777	0.97558
2119.5239	0.97564
2117.4701	0.97592
2115.4163	0.9758
2113.36249	0.97555
2111.30869	0.97556
2109.25489	0.97557
2107.20109	0.9758
2105.14728	0.97628
2103.09348	0.97625
2101.03968	0.97569
2098.98588	0.97566
2096.93208	0.97657
2094.87827	0.9774
2092.82447	0.97759
2090.77067	0.9775
2088.71687	0.97723
2086.66306	0.97699
2084.60926	0.97684
2082.55546	0.97639
2080.50166	0.97602
2078.44786	0.9759
2076.39405	0.97558
2074.34025	0.97573
2072.28645	0.97632
2070.23265	0.9763
2068.17884	0.97638
2066.12504	0.97684
2064.07124	0.97667
2062.01744	0.97607
2059.96364	0.97594
2057.90983	0.97642
2055.85603	0.97687
2053.80223	0.97704
2051.74843	0.97644
2049.69462	0.97487
2047.64082	0.97422
2045.58702	0.97551
2043.53322	0.97784
2041.47942	0.97948
2039.42561	0.97826
2037.37181	0.97579
2035.31801	0.97518
2033.26421	0.97645
2031.2104	0.97785
2029.1566	0.97767
2027.1028	0.97674
2025.049	0.97714
2022.9952	0.97805
2020.94139	0.97847
2018.88759	0.9796
2016.83379	0.98038
2014.77999	0.97931
2012.72618	0.97729
2010.67238	0.97601
2008.61858	0.97691
2006.56478	0.97833
2004.51098	0.97847
2002.45717	0.97876
2000.40337	0.97912
1998.34957	0.97834
1996.29577	0.97722
1994.24196	0.97709
1992.18816	0.97815
1990.13436	0.97822
1988.08056	0.97684
1986.02676	0.97642
1983.97295	0.97662
1981.91915	0.97619
1979.86535	0.9763
1977.81155	0.97776
1975.75774	0.97977
1973.70394	0.98072
1971.65014	0.97971
1969.59634	0.97911
1967.54254	0.9801
1965.48873	0.9806
1963.43493	0.98012
1961.38113	0.97906
1959.32733	0.97758
1957.27352	0.97718
1955.21972	0.97792
1953.16592	0.97807
1951.11212	0.97782
1949.05832	0.97735
1947.00451	0.97655
1944.95071	0.97658
1942.89691	0.97721
1940.84311	0.97743
1938.7893	0.97735
1936.7355	0.97728
1934.6817	0.97754
1932.6279	0.97783
1930.5741	0.97764
1928.52029	0.97722
1926.46649	0.97661
1924.41269	0.9761
1922.35889	0.97645
1920.30508	0.97743
1918.25128	0.97783
1916.19748	0.97748
1914.14368	0.9773
1912.08988	0.97708
1910.03607	0.9765
1907.98227	0.97606
1905.92847	0.97574
1903.87467	0.97517
1901.82086	0.97487
1899.76706	0.97494
1897.71326	0.97471
1895.65946	0.97426
1893.60566	0.97445
1891.55185	0.97539
1889.49805	0.97598
1887.44425	0.97582
1885.39045	0.97557
1883.33664	0.97547
1881.28284	0.97568
1879.22904	0.97614
1877.17524	0.97623
1875.12143	0.97599
1873.06763	0.97593
1871.01383	0.97598
1868.96003	0.97628
1866.90623	0.97677
1864.85242	0.97669
1862.79862	0.97639
1860.74482	0.97645
1858.69102	0.97662
1856.63721	0.97672
1854.58341	0.97669
1852.52961	0.97649
1850.47581	0.97639
1848.42201	0.97629
1846.3682	0.97598
1844.3144	0.97587
1842.2606	0.97617
1840.2068	0.97627
1838.15299	0.97603
1836.09919	0.976
1834.04539	0.97602
1831.99159	0.97555
1829.93779	0.9751
1827.88398	0.9752
1825.83018	0.97543
1823.77638	0.97535
1821.72258	0.97514
1819.66877	0.9751
1817.61497	0.97521
1815.56117	0.9752
1813.50737	0.97475
1811.45357	0.97401
1809.39976	0.97338
1807.34596	0.97313
1805.29216	0.97323
1803.23836	0.97334
1801.18455	0.97324
1799.13075	0.97273
1797.07695	0.97186
1795.02315	0.97094
1792.96935	0.97023
1790.91554	0.96986
1788.86174	0.96966
1786.80794	0.96923
1784.75414	0.96866
1782.70033	0.96852
1780.64653	0.9688
1778.59273	0.96887
1776.53893	0.96866
1774.48513	0.96834
1772.43132	0.96779
1770.37752	0.96718
1768.32372	0.96681
1766.26992	0.96662
1764.21611	0.96648
1762.16231	0.9661
1760.10851	0.96527
1758.05471	0.9642
1756.00091	0.96298
1753.9471	0.96168
1751.8933	0.96024
1749.8395	0.95824
1747.7857	0.95589
1745.73189	0.95367
1743.67809	0.95138
1741.62429	0.94904
1739.57049	0.94721
1737.51669	0.94634
1735.46288	0.94606
1733.40908	0.9461
1731.35528	0.94613
1729.30148	0.94544
1727.24767	0.94346
1725.19387	0.94008
1723.14007	0.93592
1721.08627	0.93224
1719.03247	0.92897
1716.97866	0.92524
1714.92486	0.92264
1712.87106	0.92266
1710.81726	0.92488
1708.76345	0.92827
1706.70965	0.93202
1704.65585	0.93545
1702.60205	0.93774
1700.54825	0.93942
1698.49444	0.94104
1696.44064	0.94341
1694.38684	0.9468
1692.33304	0.94962
1690.27923	0.95193
1688.22543	0.95368
1686.17163	0.95445
1684.11783	0.95487
1682.06403	0.95556
1680.01022	0.95612
1677.95642	0.95621
1675.90262	0.95597
1673.84882	0.95597
1671.79501	0.95613
1669.74121	0.95595
1667.68741	0.95561
1665.63361	0.9555
1663.57981	0.95533
1661.526	0.95502
1659.4722	0.95482
1657.4184	0.95474
1655.3646	0.95474
1653.31079	0.95483
1651.25699	0.95499
1649.20319	0.95511
1647.14939	0.95505
1645.09559	0.95484
1643.04178	0.95477
1640.98798	0.95481
1638.93418	0.95481
1636.88038	0.95488
1634.82657	0.95541
1632.77277	0.95601
1630.71897	0.95633
1628.66517	0.95652
1626.61137	0.95672
1624.55756	0.95691
1622.50376	0.95717
1620.44996	0.95761
1618.39616	0.95815
1616.34235	0.95867
1614.28855	0.95903
1612.23475	0.95926
1610.18095	0.95931
1608.12715	0.95918
1606.07334	0.95911
1604.01954	0.95917
1601.96574	0.95928
1599.91194	0.95949
1597.85813	0.95968
1595.80433	0.95972
1593.75053	0.95977
1591.69673	0.95991
1589.64293	0.95995
1587.58912	0.95982
1585.53532	0.95959
1583.48152	0.95937
1581.42772	0.95927
1579.37391	0.95923
1577.32011	0.95934
1575.26631	0.95976
1573.21251	0.96028
1571.15871	0.96062
1569.1049	0.96071
1567.0511	0.96069
1564.9973	0.96075
1562.9435	0.96075
1560.88969	0.96071
1558.83589	0.96097
1556.78209	0.96108
1554.72829	0.96083
1552.67449	0.96047
1550.62068	0.96016
1548.56688	0.95994
1546.51308	0.95988
1544.45928	0.95983
1542.40547	0.95957
1540.35167	0.95917
1538.29787	0.95884
1536.24407	0.9586
1534.19026	0.95829
1532.13646	0.95789
1530.08266	0.95733
1528.02886	0.95644
1525.97506	0.95524
1523.92125	0.95439
1521.86745	0.95424
1519.81365	0.95462
1517.75985	0.95506
1515.70604	0.95551
1513.65224	0.95572
1511.59844	0.95562
1509.54464	0.95535
1507.49084	0.95465
1505.43703	0.9534
1503.38323	0.95239
1501.32943	0.95156
1499.27563	0.95041
1497.22182	0.94867
1495.16802	0.94667
1493.11422	0.94513
1491.06042	0.94361
1489.00662	0.94153
1486.95281	0.93919
1484.89901	0.93653
1482.84521	0.9324
1480.79141	0.92494
1478.7376	0.9087
1476.6838	0.86659
1474.63	0.78811
1472.5762	0.72304
1470.5224	0.7337
1468.46859	0.77072
1466.41479	0.77954
1464.36099	0.74712
1462.30719	0.72168
1460.25338	0.74461
1458.19958	0.80095
1456.14578	0.8492
1454.09198	0.86743
1452.03818	0.87561
1449.98437	0.88171
1447.93057	0.88622
1445.87677	0.88919
1443.82297	0.89084
1441.76916	0.8919
1439.71536	0.89289
1437.66156	0.89394
1435.60776	0.89491
1433.55396	0.89575
1431.50015	0.89697
1429.44635	0.89852
1427.39255	0.89994
1425.33875	0.90112
1423.28494	0.90214
1421.23114	0.90295
1419.17734	0.90392
1417.12354	0.9052
1415.06974	0.90671
1413.01593	0.90864
1410.96213	0.91117
1408.90833	0.91421
1406.85453	0.91744
1404.80072	0.92086
1402.74692	0.92399
1400.69312	0.92643
1398.63932	0.92858
1396.58552	0.93075
1394.53171	0.93318
1392.47791	0.93558
1390.42411	0.93735
1388.37031	0.93857
1386.3165	0.93931
1384.2627	0.93951
1382.2089	0.93914
1380.1551	0.93826
1378.1013	0.93745
1376.04749	0.93734
1373.99369	0.93799
1371.93989	0.9388
1369.88609	0.93955
1367.83228	0.94038
1365.77848	0.94131
1363.72468	0.94245
1361.67088	0.9438
1359.61708	0.94488
1357.56327	0.94557
1355.50947	0.94599
1353.45567	0.9462
1351.40187	0.9466
1349.34806	0.94733
1347.29426	0.94815
1345.24046	0.94901
1343.18666	0.94977
1341.13286	0.95017
1339.07905	0.95052
1337.02525	0.95118
1334.97145	0.95187
1332.91765	0.9523
1330.86384	0.95235
1328.81004	0.95211
1326.75624	0.95183
1324.70244	0.95166
1322.64864	0.9515
1320.59483	0.95114
1318.54103	0.95058
1316.48723	0.95017
1314.43343	0.94982
1312.37962	0.94927
1310.32582	0.94867
1308.27202	0.94816
1306.21822	0.9476
1304.16442	0.94688
1302.11061	0.94615
1300.05681	0.94545
1298.00301	0.94473
1295.94921	0.94406
1293.8954	0.94364
1291.8416	0.9433
1289.7878	0.94273
1287.734	0.94187
1285.6802	0.9409
1283.62639	0.93992
1281.57259	0.93889
1279.51879	0.93795
1277.46499	0.93746
1275.41118	0.93768
1273.35738	0.9382
1271.30358	0.93847
1269.24978	0.93844
1267.19598	0.93816
1265.14217	0.93759
1263.08837	0.93686
1261.03457	0.93612
1258.98077	0.93548
1256.92696	0.93485
1254.87316	0.93407
1252.81936	0.93315
1250.76556	0.93216
1248.71176	0.9312
1246.65795	0.93041
1244.60415	0.93001
1242.55035	0.92992
1240.49655	0.92986
1238.44274	0.92979
1236.38894	0.9295
1234.33514	0.92883
1232.28134	0.92791
1230.22754	0.92691
1228.17373	0.92567
1226.11993	0.92412
1224.06613	0.9224
1222.01233	0.92053
1219.95852	0.9185
1217.90472	0.91654
1215.85092	0.91516
1213.79712	0.91485
1211.74332	0.91544
1209.68951	0.91617
1207.63571	0.91664
1205.58191	0.91706
1203.52811	0.91743
1201.4743	0.91755
1199.4205	0.91735
1197.3667	0.91677
1195.3129	0.9159
1193.25909	0.91486
1191.20529	0.91353
1189.15149	0.91188
1187.09769	0.91009
1185.04389	0.90818
1182.99008	0.90608
1180.93628	0.90372
1178.88248	0.90117
1176.82868	0.89871
1174.77487	0.89666
1172.72107	0.89483
1170.66727	0.89282
1168.61347	0.89076
1166.55967	0.88912
1164.50586	0.88817
1162.45206	0.88791
1160.39826	0.88805
1158.34446	0.88799
1156.29065	0.88741
1154.23685	0.8866
1152.18305	0.88574
1150.12925	0.8847
1148.07545	0.88342
1146.02164	0.88214
1143.96784	0.88109
1141.91404	0.88012
1139.86024	0.87889
1137.80643	0.87731
1135.75263	0.87546
1133.69883	0.87344
1131.64503	0.87123
1129.59123	0.86879
1127.53742	0.86631
1125.48362	0.86382
1123.42982	0.86106
1121.37602	0.85799
1119.32221	0.85488
1117.26841	0.85164
1115.21461	0.84805
1113.16081	0.84437
1111.10701	0.84072
1109.0532	0.837
1106.9994	0.83334
1104.9456	0.82977
1102.8918	0.82615
1100.83799	0.82285
1098.78419	0.8201
1096.73039	0.81786
1094.67659	0.81615
1092.62279	0.81482
1090.56898	0.81382
1088.51518	0.81292
1086.46138	0.81157
1084.40758	0.81021
1082.35377	0.80986
1080.29997	0.81064
1078.24617	0.81199
1076.19237	0.81338
1074.13857	0.81468
1072.08476	0.81585
1070.03096	0.81646
1067.97716	0.81608
1065.92336	0.81509
1063.86955	0.81409
1061.81575	0.81315
1059.76195	0.81225
1057.70815	0.81139
1055.65435	0.81021
1053.60054	0.80854
1051.54674	0.80695
1049.49294	0.80574
1047.43914	0.8045
1045.38533	0.80311
1043.33153	0.80195
1041.27773	0.80113
1039.22393	0.80045
1037.17013	0.79996
1035.11632	0.79997
1033.06252	0.80047
1031.00872	0.80105
1028.95492	0.80139
1026.90111	0.80165
1024.84731	0.80202
1022.79351	0.80246
1020.73971	0.80308
1018.68591	0.80408
1016.6321	0.80552
1014.5783	0.80722
1012.5245	0.80904
1010.4707	0.81135
1008.41689	0.81423
1006.36309	0.81724
1004.30929	0.82002
1002.25549	0.82249
1000.20169	0.82486
998.14788	0.8274
996.09408	0.83029
994.04028	0.83345
991.98648	0.83661
989.93267	0.8399
987.87887	0.84373
985.82507	0.84807
983.77127	0.85251
981.71747	0.85667
979.66366	0.86081
977.60986	0.86482
975.55606	0.86817
973.50226	0.87103
971.44845	0.8737
969.39465	0.87648
967.34085	0.87961
965.28705	0.88311
963.23325	0.88687
961.17944	0.89045
959.12564	0.8937
957.07184	0.89673
955.01804	0.8993
952.96423	0.90145
950.91043	0.90354
948.85663	0.90549
946.80283	0.90705
944.74903	0.90832
942.69522	0.90958
940.64142	0.91094
938.58762	0.91229
936.53382	0.91365
934.48001	0.91502
932.42621	0.91638
930.37241	0.9175
928.31861	0.91812
926.26481	0.91847
924.211	0.91899
922.1572	0.91968
920.1034	0.92006
918.0496	0.91995
915.99579	0.91955
913.94199	0.91898
911.88819	0.91809
909.83439	0.91718
907.78059	0.9177
905.72678	0.92046
903.67298	0.92413
901.61918	0.92717
899.56538	0.92969
897.51157	0.93221
895.45777	0.9341
893.40397	0.9351
891.35017	0.93572
889.29637	0.93603
887.24256	0.93591
885.18876	0.93534
883.13496	0.93366
881.08116	0.92984
879.02735	0.9243
876.97355	0.91994
874.91975	0.92006
872.86595	0.92514
870.81215	0.93245
868.75834	0.93829
866.70454	0.94107
864.65074	0.94207
862.59694	0.94303
860.54313	0.94412
858.48933	0.94496
856.43553	0.94551
854.38173	0.94586
852.32792	0.9464
850.27412	0.94719
848.22032	0.94757
846.16652	0.94734
844.11272	0.94686
842.05891	0.94619
840.00511	0.94582
837.95131	0.94581
835.89751	0.94534
833.8437	0.94447
831.7899	0.94422
829.7361	0.94507
827.6823	0.94643
825.6285	0.9476
823.57469	0.94808
821.52089	0.94803
819.46709	0.94825
817.41329	0.9486
815.35948	0.94822
813.30568	0.94735
811.25188	0.94627
809.19808	0.94437
807.14428	0.9415
805.09047	0.93764
803.03667	0.9332
800.98287	0.92975
798.92907	0.92862
796.87526	0.92958
794.82146	0.93189
792.76766	0.93474
790.71386	0.9371
788.66006	0.9383
786.60625	0.93813
784.55245	0.93704
782.49865	0.93577
780.44485	0.9348
778.39104	0.93465
776.33724	0.93574
774.28344	0.93787
772.22964	0.94009
770.17584	0.94145
768.12203	0.94205
766.06823	0.94261
764.01443	0.94279
761.96063	0.9419
759.90682	0.9407
757.85302	0.94023
755.79922	0.94024
753.74542	0.94036
751.69162	0.94055
749.63781	0.94057
747.58401	0.94025
745.53021	0.93952
743.47641	0.93832
741.4226	0.93617
739.3688	0.93189
737.315	0.92173
735.2612	0.89353
733.2074	0.83238
731.15359	0.76404
729.09979	0.74969
727.04599	0.78807
724.99219	0.81384
722.93838	0.78503
720.88458	0.70977
718.83078	0.65286
716.77698	0.67237
714.72318	0.74405
712.66937	0.81507
710.61557	0.86181
708.56177	0.88727
706.50797	0.90093
704.45416	0.90858
702.40036	0.91297
700.34656	0.91533
698.29276	0.91603
696.23896	0.91672
694.18515	0.91922
692.13135	0.92253
690.07755	0.92503
688.02375	0.92653
685.96994	0.92733
683.91614	0.92764
681.86234	0.92789
679.80854	0.92858
677.75474	0.92966
675.70093	0.93068
673.64713	0.93122
671.59333	0.93116
669.53953	0.9306
667.48572	0.93078
665.43192	0.9319
663.37812	0.9327
661.32432	0.93323
659.27052	0.93369
657.21671	0.93394
655.16291	0.93349
653.10911	0.93201
651.05531	0.93005
649.0015	0.92856
646.9477	0.92718
644.8939	0.92519
642.8401	0.92325
640.7863	0.92218
638.73249	0.92171
636.67869	0.92134
634.62489	0.92116
632.57109	0.92106
630.51728	0.92127
628.46348	0.92213
626.40968	0.92299
624.35588	0.92323
622.30208	0.92278
620.24827	0.92251
618.19447	0.92285
616.14067	0.92252
614.08687	0.92147
612.03306	0.92069
609.97926	0.91966
607.92546	0.9181
605.87166	0.91635
603.81786	0.91424
601.76405	0.91248
599.71025	0.91164
597.65645	0.91068
595.60265	0.90906
593.54884	0.90729
591.49504	0.90629
589.44124	0.90573
587.38744	0.90424
585.33364	0.90215
583.27983	0.90077
581.22603	0.9012
579.17223	0.90342
577.11843	0.90624
575.06462	0.90791
573.01082	0.90749
570.95702	0.907
568.90322	0.90801
566.84942	0.9092
564.79561	0.90961
562.74181	0.90987
560.68801	0.91008
558.63421	0.91018
556.5804	0.91004
554.5266	0.90872
552.4728	0.90643
550.419	0.90434
548.3652	0.90257
546.31139	0.90111
544.25759	0.9001
542.20379	0.89913
540.14999	0.8985
538.09618	0.89841
536.04238	0.89861
533.98858	0.8986
531.93478	0.89747
529.88098	0.8958
527.82717	0.89547
525.77337	0.89511
523.71957	0.89236
521.66577	0.88989
519.61196	0.89018
517.55816	0.89125
515.50436	0.89089
513.45056	0.88988
511.39675	0.88935
509.34295	0.89006
507.28915	0.89212
505.23535	0.894
503.18155	0.89487
501.12774	0.89518
499.07394	0.89544
497.02014	0.89609
494.96634	0.89619
492.91253	0.89446
490.85873	0.89163
488.80493	0.88855
486.75113	0.88566
484.69733	0.88253
482.64352	0.87788
480.58972	0.87237
478.53592	0.8666
476.48212	0.86085
474.42831	0.8563
472.37451	0.85304
470.32071	0.85005
468.26691	0.84793
466.21311	0.848
464.1593	0.84963
462.1055	0.85196
460.0517	0.8554
457.9979	0.86108
455.94409	0.86765
453.89029	0.8731
451.83649	0.87883
449.78269	0.88461
447.72889	0.88822
445.67508	0.88829
443.62128	0.88651
441.56748	0.88662
439.51368	0.88879
437.45987	0.88999
435.40607	0.88929
433.35227	0.8887
431.29847	0.88963
429.24467	0.89078
427.19086	0.88959
425.13706	0.88955
423.08326	0.89318
421.02946	0.89461
418.97565	0.89355
416.92185	0.89402
414.86805	0.89632
412.81425	0.89953
410.76045	0.90148
408.70664	0.9051
406.65284	0.90919
404.59904	0.90424
402.54524	0.89374
400.49143	0.88954
398.43763	0.89679
KMeans Clustering	6.0
Spectral Clustering	9.0
Agglomerative Clustering	3.0
