Numero de onda	Muestra 239
3996.69914	0.994
3994.64534	0.99417
3992.59153	0.99399
3990.53773	0.99372
3988.48393	0.99377
3986.43013	0.99398
3984.37632	0.99413
3982.32252	0.99429
3980.26872	0.99443
3978.21492	0.99444
3976.16112	0.99443
3974.10731	0.99445
3972.05351	0.99443
3969.99971	0.9943
3967.94591	0.99403
3965.8921	0.99358
3963.8383	0.99322
3961.7845	0.99318
3959.7307	0.9934
3957.6769	0.99364
3955.62309	0.99375
3953.56929	0.99373
3951.51549	0.99376
3949.46169	0.99405
3947.40788	0.9943
3945.35408	0.99418
3943.30028	0.99382
3941.24648	0.99367
3939.19268	0.99382
3937.13887	0.99394
3935.08507	0.99401
3933.03127	0.99398
3930.97747	0.99378
3928.92366	0.99362
3926.86986	0.99383
3924.81606	0.9943
3922.76226	0.99437
3920.70845	0.99399
3918.65465	0.9937
3916.60085	0.99363
3914.54705	0.99358
3912.49325	0.99356
3910.43944	0.99357
3908.38564	0.99351
3906.33184	0.99327
3904.27804	0.99297
3902.22423	0.99303
3900.17043	0.99336
3898.11663	0.99371
3896.06283	0.99373
3894.00903	0.99336
3891.95522	0.9931
3889.90142	0.9934
3887.84762	0.99394
3885.79382	0.99417
3883.74001	0.99386
3881.68621	0.99335
3879.63241	0.99308
3877.57861	0.99335
3875.52481	0.99376
3873.471	0.99376
3871.4172	0.99353
3869.3634	0.99318
3867.3096	0.99296
3865.25579	0.99325
3863.20199	0.99363
3861.14819	0.99367
3859.09439	0.99355
3857.04059	0.99349
3854.98678	0.99338
3852.93298	0.99284
3850.87918	0.99267
3848.82538	0.99299
3846.77157	0.99294
3844.71777	0.99263
3842.66397	0.99268
3840.61017	0.99284
3838.55637	0.99243
3836.50256	0.99187
3834.44876	0.99198
3832.39496	0.9923
3830.34116	0.99254
3828.28735	0.99276
3826.23355	0.99263
3824.17975	0.99236
3822.12595	0.99236
3820.07215	0.99256
3818.01834	0.99274
3815.96454	0.99264
3813.91074	0.99245
3811.85694	0.99249
3809.80313	0.99264
3807.74933	0.9926
3805.69553	0.99227
3803.64173	0.99192
3801.58793	0.9917
3799.53412	0.99167
3797.48032	0.99172
3795.42652	0.99179
3793.37272	0.99201
3791.31891	0.99219
3789.26511	0.99218
3787.21131	0.99201
3785.15751	0.99177
3783.10371	0.99184
3781.0499	0.99214
3778.9961	0.99215
3776.9423	0.99179
3774.8885	0.99134
3772.83469	0.99098
3770.78089	0.99081
3768.72709	0.99085
3766.67329	0.991
3764.61949	0.99107
3762.56568	0.99102
3760.51188	0.99092
3758.45808	0.99054
3756.40428	0.99005
3754.35047	0.98992
3752.29667	0.99024
3750.24287	0.99049
3748.18907	0.9902
3746.13527	0.98981
3744.08146	0.98924
3742.02766	0.98886
3739.97386	0.98891
3737.92006	0.98875
3735.86625	0.9881
3733.81245	0.98781
3731.75865	0.98812
3729.70485	0.98821
3727.65105	0.98794
3725.59724	0.98776
3723.54344	0.98769
3721.48964	0.98739
3719.43584	0.98682
3717.38203	0.98618
3715.32823	0.9857
3713.27443	0.98527
3711.22063	0.98437
3709.16683	0.98291
3707.11302	0.98185
3705.05922	0.9812
3703.00542	0.98017
3700.95162	0.97891
3698.89781	0.97792
3696.84401	0.97684
3694.79021	0.97584
3692.73641	0.97512
3690.68261	0.97424
3688.6288	0.97281
3686.575	0.97124
3684.5212	0.96992
3682.4674	0.96859
3680.41359	0.96693
3678.35979	0.96491
3676.30599	0.96254
3674.25219	0.96034
3672.19839	0.95911
3670.14458	0.95749
3668.09078	0.95468
3666.03698	0.95185
3663.98318	0.94933
3661.92937	0.94691
3659.87557	0.94436
3657.82177	0.94167
3655.76797	0.93903
3653.71417	0.93711
3651.66036	0.9352
3649.60656	0.93178
3647.55276	0.92789
3645.49896	0.92548
3643.44515	0.92354
3641.39135	0.9213
3639.33755	0.91908
3637.28375	0.91729
3635.22995	0.91558
3633.17614	0.91352
3631.12234	0.91121
3629.06854	0.90813
3627.01474	0.90508
3624.96093	0.90311
3622.90713	0.90139
3620.85333	0.89971
3618.79953	0.89782
3616.74573	0.89569
3614.69192	0.89362
3612.63812	0.89154
3610.58432	0.88969
3608.53052	0.88776
3606.47671	0.88549
3604.42291	0.88354
3602.36911	0.88177
3600.31531	0.87969
3598.26151	0.87762
3596.2077	0.87582
3594.1539	0.87392
3592.1001	0.8718
3590.0463	0.86967
3587.99249	0.86731
3585.93869	0.86503
3583.88489	0.86334
3581.83109	0.86174
3579.77728	0.85989
3577.72348	0.858
3575.66968	0.85591
3573.61588	0.85356
3571.56208	0.85144
3569.50827	0.84961
3567.45447	0.84731
3565.40067	0.84467
3563.34687	0.84281
3561.29306	0.84118
3559.23926	0.83915
3557.18546	0.83697
3555.13166	0.83473
3553.07786	0.83233
3551.02405	0.82991
3548.97025	0.82771
3546.91645	0.82565
3544.86265	0.82345
3542.80884	0.82127
3540.75504	0.81927
3538.70124	0.81732
3536.64744	0.81512
3534.59364	0.8126
3532.53983	0.81033
3530.48603	0.80842
3528.43223	0.80651
3526.37843	0.80451
3524.32462	0.80245
3522.27082	0.8001
3520.21702	0.7976
3518.16322	0.79535
3516.10942	0.79331
3514.05561	0.79119
3512.00181	0.78894
3509.94801	0.78654
3507.89421	0.78419
3505.8404	0.78249
3503.7866	0.78103
3501.7328	0.77926
3499.679	0.77749
3497.6252	0.77569
3495.57139	0.77371
3493.51759	0.77166
3491.46379	0.76947
3489.40999	0.76718
3487.35618	0.76509
3485.30238	0.76331
3483.24858	0.76162
3481.19478	0.75948
3479.14098	0.75704
3477.08717	0.75494
3475.03337	0.75314
3472.97957	0.75124
3470.92577	0.74928
3468.87196	0.74754
3466.81816	0.74582
3464.76436	0.74376
3462.71056	0.74164
3460.65676	0.73987
3458.60295	0.7381
3456.54915	0.73601
3454.49535	0.73394
3452.44155	0.73205
3450.38774	0.73018
3448.33394	0.72839
3446.28014	0.72664
3444.22634	0.72483
3442.17254	0.72297
3440.11873	0.72116
3438.06493	0.71957
3436.01113	0.71789
3433.95733	0.71592
3431.90352	0.71387
3429.84972	0.71202
3427.79592	0.71041
3425.74212	0.70902
3423.68832	0.70763
3421.63451	0.70597
3419.58071	0.70435
3417.52691	0.70292
3415.47311	0.70158
3413.4193	0.7004
3411.3655	0.69929
3409.3117	0.69799
3407.2579	0.69642
3405.2041	0.69484
3403.15029	0.6936
3401.09649	0.69254
3399.04269	0.69152
3396.98889	0.69075
3394.93508	0.6902
3392.88128	0.68939
3390.82748	0.68819
3388.77368	0.687
3386.71988	0.68606
3384.66607	0.68545
3382.61227	0.68483
3380.55847	0.68395
3378.50467	0.68303
3376.45086	0.68238
3374.39706	0.68205
3372.34326	0.68183
3370.28946	0.68141
3368.23566	0.68075
3366.18185	0.68034
3364.12805	0.68029
3362.07425	0.68001
3360.02045	0.67954
3357.96664	0.67932
3355.91284	0.67922
3353.85904	0.67898
3351.80524	0.67885
3349.75144	0.67898
3347.69763	0.67916
3345.64383	0.67927
3343.59003	0.67916
3341.53623	0.67894
3339.48242	0.67906
3337.42862	0.67937
3335.37482	0.67952
3333.32102	0.67966
3331.26722	0.67994
3329.21341	0.68017
3327.15961	0.68028
3325.10581	0.68031
3323.05201	0.68051
3320.9982	0.68105
3318.9444	0.68159
3316.8906	0.68166
3314.8368	0.6815
3312.783	0.6816
3310.72919	0.68191
3308.67539	0.68225
3306.62159	0.68254
3304.56779	0.6827
3302.51398	0.68287
3300.46018	0.68311
3298.40638	0.68334
3296.35258	0.68365
3294.29878	0.68405
3292.24497	0.68435
3290.19117	0.68457
3288.13737	0.68477
3286.08357	0.68501
3284.02976	0.68515
3281.97596	0.6851
3279.92216	0.68526
3277.86836	0.68563
3275.81456	0.68589
3273.76075	0.68605
3271.70695	0.68635
3269.65315	0.68689
3267.59935	0.68737
3265.54554	0.68776
3263.49174	0.6883
3261.43794	0.68869
3259.38414	0.68878
3257.33034	0.68903
3255.27653	0.68939
3253.22273	0.68956
3251.16893	0.68988
3249.11513	0.69044
3247.06132	0.69083
3245.00752	0.691
3242.95372	0.69155
3240.89992	0.69254
3238.84611	0.69343
3236.79231	0.69425
3234.73851	0.6952
3232.68471	0.69606
3230.63091	0.69672
3228.5771	0.69738
3226.5233	0.69822
3224.4695	0.69925
3222.4157	0.70026
3220.36189	0.7012
3218.30809	0.70232
3216.25429	0.70367
3214.20049	0.70497
3212.14669	0.70625
3210.09288	0.70772
3208.03908	0.70931
3205.98528	0.71093
3203.93148	0.71254
3201.87767	0.7141
3199.82387	0.71569
3197.77007	0.71733
3195.71627	0.71905
3193.66247	0.72078
3191.60866	0.72255
3189.55486	0.72455
3187.50106	0.72676
3185.44726	0.72876
3183.39345	0.7305
3181.33965	0.73233
3179.28585	0.73431
3177.23205	0.73663
3175.17825	0.73924
3173.12444	0.74162
3171.07064	0.74373
3169.01684	0.74582
3166.96304	0.74803
3164.90923	0.75035
3162.85543	0.75277
3160.80163	0.75504
3158.74783	0.75717
3156.69403	0.75948
3154.64022	0.76211
3152.58642	0.76489
3150.53262	0.76751
3148.47882	0.76986
3146.42501	0.77221
3144.37121	0.77466
3142.31741	0.77713
3140.26361	0.77971
3138.20981	0.7824
3136.156	0.78499
3134.1022	0.78742
3132.0484	0.78976
3129.9946	0.79209
3127.94079	0.79448
3125.88699	0.79705
3123.83319	0.79984
3121.77939	0.80264
3119.72559	0.80514
3117.67178	0.80761
3115.61798	0.81015
3113.56418	0.81264
3111.51038	0.81509
3109.45657	0.81736
3107.40277	0.81947
3105.34897	0.82183
3103.29517	0.82438
3101.24137	0.82674
3099.18756	0.82897
3097.13376	0.83127
3095.07996	0.83361
3093.02616	0.83598
3090.97235	0.83838
3088.91855	0.84065
3086.86475	0.84277
3084.81095	0.84494
3082.75715	0.84714
3080.70334	0.84926
3078.64954	0.85141
3076.59574	0.85362
3074.54194	0.85569
3072.48813	0.85769
3070.43433	0.85981
3068.38053	0.86195
3066.32673	0.86403
3064.27293	0.86606
3062.21912	0.86814
3060.16532	0.87018
3058.11152	0.87189
3056.05772	0.87337
3054.00391	0.87507
3051.95011	0.87703
3049.89631	0.87898
3047.84251	0.88079
3045.78871	0.88251
3043.7349	0.88433
3041.6811	0.88616
3039.6273	0.88788
3037.5735	0.88951
3035.51969	0.89106
3033.46589	0.89269
3031.41209	0.89452
3029.35829	0.89615
3027.30449	0.89743
3025.25068	0.89868
3023.19688	0.9
3021.14308	0.9015
3019.08928	0.90302
3017.03547	0.90436
3014.98167	0.90565
3012.92787	0.90709
3010.87407	0.90861
3008.82027	0.9098
3006.76646	0.91072
3004.71266	0.91177
3002.65886	0.91301
3000.60506	0.91411
2998.55125	0.91479
2996.49745	0.91523
2994.44365	0.91576
2992.38985	0.91629
2990.33605	0.91665
2988.28224	0.91684
2986.22844	0.91687
2984.17464	0.91657
2982.12084	0.91566
2980.06703	0.91407
2978.01323	0.91184
2975.95943	0.90865
2973.90563	0.9042
2971.85183	0.8984
2969.79802	0.89127
2967.74422	0.88307
2965.69042	0.87403
2963.63662	0.86503
2961.58281	0.85852
2959.52901	0.85592
2957.47521	0.85481
2955.42141	0.85132
2953.36761	0.84491
2951.3138	0.8393
2949.26	0.83921
2947.2062	0.84644
2945.1524	0.85886
2943.09859	0.87229
2941.04479	0.88289
2938.99099	0.88878
2936.93719	0.89013
2934.88339	0.88763
2932.82958	0.88181
2930.77578	0.87338
2928.72198	0.86336
2926.66818	0.85325
2924.61437	0.84392
2922.56057	0.83528
2920.50677	0.82756
2918.45297	0.82282
2916.39917	0.82405
2914.34536	0.83154
2912.29156	0.8418
2910.23776	0.85116
2908.18396	0.85876
2906.13015	0.86562
2904.07635	0.87264
2902.02255	0.87988
2899.96875	0.88697
2897.91494	0.8934
2895.86114	0.89846
2893.80734	0.90197
2891.75354	0.90403
2889.69974	0.90469
2887.64593	0.90444
2885.59213	0.90366
2883.53833	0.90225
2881.48453	0.90037
2879.43072	0.89882
2877.37692	0.89842
2875.32312	0.89923
2873.26932	0.90017
2871.21552	0.89977
2869.16171	0.89819
2867.10791	0.89759
2865.05411	0.90074
2863.00031	0.90871
2860.9465	0.91916
2858.8927	0.92851
2856.8389	0.93487
2854.7851	0.9381
2852.7313	0.93892
2850.67749	0.93779
2848.62369	0.93457
2846.56989	0.92916
2844.51609	0.92174
2842.46228	0.91341
2840.40848	0.9064
2838.35468	0.9037
2836.30088	0.90726
2834.24708	0.91599
2832.19327	0.92651
2830.13947	0.93586
2828.08567	0.94288
2826.03187	0.94773
2823.97806	0.95102
2821.92426	0.95337
2819.87046	0.9552
2817.81666	0.95673
2815.76286	0.95799
2813.70905	0.95893
2811.65525	0.95964
2809.60145	0.96046
2807.54765	0.96165
2805.49384	0.96285
2803.44004	0.96384
2801.38624	0.96462
2799.33244	0.96525
2797.27864	0.96593
2795.22483	0.9666
2793.17103	0.96705
2791.11723	0.96749
2789.06343	0.9681
2787.00962	0.96872
2784.95582	0.96919
2782.90202	0.96971
2780.84822	0.97032
2778.79442	0.97076
2776.74061	0.97098
2774.68681	0.97119
2772.63301	0.97151
2770.57921	0.97177
2768.5254	0.97199
2766.4716	0.97239
2764.4178	0.9729
2762.364	0.97323
2760.3102	0.97314
2758.25639	0.97278
2756.20259	0.97271
2754.14879	0.97306
2752.09499	0.97352
2750.04118	0.97411
2747.98738	0.97474
2745.93358	0.97509
2743.87978	0.97513
2741.82598	0.97498
2739.77217	0.97482
2737.71837	0.97468
2735.66457	0.97447
2733.61077	0.97427
2731.55696	0.97407
2729.50316	0.97387
2727.44936	0.9738
2725.39556	0.97378
2723.34176	0.97392
2721.28795	0.97422
2719.23415	0.97455
2717.18035	0.97493
2715.12655	0.97529
2713.07274	0.97549
2711.01894	0.97561
2708.96514	0.97589
2706.91134	0.97631
2704.85754	0.97668
2702.80373	0.97695
2700.74993	0.97706
2698.69613	0.97711
2696.64233	0.97731
2694.58852	0.97756
2692.53472	0.97775
2690.48092	0.97789
2688.42712	0.97791
2686.37332	0.97786
2684.31951	0.97776
2682.26571	0.9776
2680.21191	0.97756
2678.15811	0.97767
2676.1043	0.97776
2674.0505	0.97793
2671.9967	0.97815
2669.9429	0.97815
2667.8891	0.97806
2665.83529	0.978
2663.78149	0.97792
2661.72769	0.97788
2659.67389	0.97783
2657.62008	0.9779
2655.56628	0.97813
2653.51248	0.97825
2651.45868	0.9782
2649.40488	0.97814
2647.35107	0.97803
2645.29727	0.97812
2643.24347	0.97863
2641.18967	0.97918
2639.13586	0.97944
2637.08206	0.97937
2635.02826	0.97919
2632.97446	0.97921
2630.92066	0.97937
2628.86685	0.97946
2626.81305	0.97921
2624.75925	0.97876
2622.70545	0.97856
2620.65164	0.97866
2618.59784	0.97885
2616.54404	0.97898
2614.49024	0.97911
2612.43644	0.97937
2610.38263	0.97967
2608.32883	0.98003
2606.27503	0.98019
2604.22123	0.98003
2602.16742	0.97981
2600.11362	0.97978
2598.05982	0.98003
2596.00602	0.98017
2593.95222	0.98005
2591.89841	0.9801
2589.84461	0.98016
2587.79081	0.98002
2585.73701	0.98009
2583.6832	0.98037
2581.6294	0.98037
2579.5756	0.98003
2577.5218	0.97978
2575.468	0.97979
2573.41419	0.98022
2571.36039	0.98094
2569.30659	0.98136
2567.25279	0.98134
2565.19898	0.98122
2563.14518	0.98099
2561.09138	0.98057
2559.03758	0.98023
2556.98377	0.98023
2554.92997	0.98055
2552.87617	0.98097
2550.82237	0.98118
2548.76857	0.98107
2546.71476	0.98086
2544.66096	0.98069
2542.60716	0.9804
2540.55336	0.98019
2538.49955	0.98038
2536.44575	0.98084
2534.39195	0.98108
2532.33815	0.98072
2530.28435	0.98038
2528.23054	0.98046
2526.17674	0.98048
2524.12294	0.98029
2522.06914	0.98034
2520.01533	0.98076
2517.96153	0.98109
2515.90773	0.98118
2513.85393	0.98137
2511.80013	0.98157
2509.74632	0.98151
2507.69252	0.98119
2505.63872	0.98072
2503.58492	0.98044
2501.53111	0.98058
2499.47731	0.98067
2497.42351	0.98048
2495.36971	0.98018
2493.31591	0.97981
2491.2621	0.97953
2489.2083	0.97945
2487.1545	0.97968
2485.1007	0.97984
2483.04689	0.97963
2480.99309	0.97964
2478.93929	0.97992
2476.88549	0.98015
2474.83169	0.98021
2472.77788	0.97996
2470.72408	0.9798
2468.67028	0.98011
2466.61648	0.98035
2464.56267	0.98029
2462.50887	0.98031
2460.45507	0.98031
2458.40127	0.98018
2456.34747	0.98015
2454.29366	0.98028
2452.23986	0.98033
2450.18606	0.98011
2448.13226	0.97991
2446.07845	0.97989
2444.02465	0.97988
2441.97085	0.97979
2439.91705	0.97963
2437.86325	0.97973
2435.80944	0.9798
2433.75564	0.97955
2431.70184	0.97936
2429.64804	0.97928
2427.59423	0.9792
2425.54043	0.9793
2423.48663	0.97932
2421.43283	0.97905
2419.37903	0.97879
2417.32522	0.97869
2415.27142	0.97849
2413.21762	0.97824
2411.16382	0.97825
2409.11001	0.97836
2407.05621	0.97831
2405.00241	0.97818
2402.94861	0.97804
2400.89481	0.97792
2398.841	0.9778
2396.7872	0.97774
2394.7334	0.97797
2392.6796	0.97799
2390.62579	0.97764
2388.57199	0.97765
2386.51819	0.97806
2384.46439	0.97814
2382.41059	0.97766
2380.35678	0.97717
2378.30298	0.97726
2376.24918	0.97743
2374.19538	0.97711
2372.14157	0.9768
2370.08777	0.97655
2368.03397	0.97626
2365.98017	0.97661
2363.92637	0.97719
2361.87256	0.97733
2359.81876	0.97685
2357.76496	0.97612
2355.71116	0.97593
2353.65735	0.97606
2351.60355	0.97612
2349.54975	0.97619
2347.49595	0.97645
2345.44215	0.97686
2343.38834	0.97709
2341.33454	0.97674
2339.28074	0.97602
2337.22694	0.97544
2335.17313	0.97542
2333.11933	0.97598
2331.06553	0.97602
2329.01173	0.9752
2326.95793	0.9743
2324.90412	0.97345
2322.85032	0.97313
2320.79652	0.97344
2318.74272	0.97359
2316.68891	0.97373
2314.63511	0.97379
2312.58131	0.97318
2310.52751	0.97284
2308.47371	0.97315
2306.4199	0.97311
2304.3661	0.97283
2302.3123	0.97271
2300.2585	0.97278
2298.20469	0.97278
2296.15089	0.97254
2294.09709	0.9726
2292.04329	0.9729
2289.98949	0.9728
2287.93568	0.9724
2285.88188	0.9721
2283.82808	0.97199
2281.77428	0.97222
2279.72047	0.97266
2277.66667	0.9727
2275.61287	0.97255
2273.55907	0.97261
2271.50527	0.97279
2269.45146	0.9728
2267.39766	0.97215
2265.34386	0.97134
2263.29006	0.97149
2261.23625	0.97209
2259.18245	0.97207
2257.12865	0.97153
2255.07485	0.97095
2253.02105	0.97089
2250.96724	0.97147
2248.91344	0.97198
2246.85964	0.97161
2244.80584	0.97066
2242.75203	0.97012
2240.69823	0.96976
2238.64443	0.96949
2236.59063	0.96975
2234.53683	0.9699
2232.48302	0.96972
2230.42922	0.9694
2228.37542	0.96902
2226.32162	0.96919
2224.26781	0.96956
2222.21401	0.96909
2220.16021	0.96811
2218.10641	0.96778
2216.0526	0.96851
2213.9988	0.96954
2211.945	0.96999
2209.8912	0.96976
2207.8374	0.96959
2205.78359	0.97021
2203.72979	0.97021
2201.67599	0.9686
2199.62219	0.96741
2197.56838	0.96799
2195.51458	0.96919
2193.46078	0.96962
2191.40698	0.96934
2189.35318	0.96889
2187.29937	0.96791
2185.24557	0.9668
2183.19177	0.96719
2181.13797	0.96851
2179.08416	0.96957
2177.03036	0.96998
2174.97656	0.9692
2172.92276	0.96736
2170.86896	0.96514
2168.81515	0.96359
2166.76135	0.96333
2164.70755	0.96424
2162.65375	0.96482
2160.59994	0.96515
2158.54614	0.96776
2156.49234	0.97034
2154.43854	0.96983
2152.38474	0.96857
2150.33093	0.96847
2148.27713	0.96811
2146.22333	0.96672
2144.16953	0.96594
2142.11572	0.96645
2140.06192	0.96677
2138.00812	0.96635
2135.95432	0.96667
2133.90052	0.96805
2131.84671	0.96825
2129.79291	0.96688
2127.73911	0.96594
2125.68531	0.96597
2123.6315	0.96591
2121.5777	0.96551
2119.5239	0.96558
2117.4701	0.96594
2115.4163	0.96539
2113.36249	0.96423
2111.30869	0.96401
2109.25489	0.96458
2107.20109	0.9646
2105.14728	0.96388
2103.09348	0.96294
2101.03968	0.96272
2098.98588	0.96341
2096.93208	0.96432
2094.87827	0.96512
2092.82447	0.96536
2090.77067	0.96524
2088.71687	0.96561
2086.66306	0.96647
2084.60926	0.96683
2082.55546	0.96631
2080.50166	0.96541
2078.44786	0.96469
2076.39405	0.96435
2074.34025	0.96419
2072.28645	0.96421
2070.23265	0.96462
2068.17884	0.96507
2066.12504	0.96538
2064.07124	0.96533
2062.01744	0.96448
2059.96364	0.96405
2057.90983	0.9649
2055.85603	0.96571
2053.80223	0.96584
2051.74843	0.96575
2049.69462	0.9663
2047.64082	0.96752
2045.58702	0.96799
2043.53322	0.96879
2041.47942	0.97069
2039.42561	0.97097
2037.37181	0.9696
2035.31801	0.9697
2033.26421	0.97094
2031.2104	0.97073
2029.1566	0.96976
2027.1028	0.96939
2025.049	0.96875
2022.9952	0.96805
2020.94139	0.96882
2018.88759	0.9702
2016.83379	0.9712
2014.77999	0.97202
2012.72618	0.97261
2010.67238	0.97354
2008.61858	0.9744
2006.56478	0.97389
2004.51098	0.97224
2002.45717	0.97091
2000.40337	0.97099
1998.34957	0.97171
1996.29577	0.97109
1994.24196	0.96999
1992.18816	0.97021
1990.13436	0.97047
1988.08056	0.96963
1986.02676	0.96886
1983.97295	0.96933
1981.91915	0.97017
1979.86535	0.97059
1977.81155	0.97083
1975.75774	0.97121
1973.70394	0.97228
1971.65014	0.97247
1969.59634	0.9712
1967.54254	0.97088
1965.48873	0.97208
1963.43493	0.97355
1961.38113	0.97453
1959.32733	0.97442
1957.27352	0.97383
1955.21972	0.97351
1953.16592	0.97284
1951.11212	0.97216
1949.05832	0.97258
1947.00451	0.9735
1944.95071	0.97433
1942.89691	0.97523
1940.84311	0.97528
1938.7893	0.97402
1936.7355	0.97285
1934.6817	0.97277
1932.6279	0.97294
1930.5741	0.97278
1928.52029	0.97272
1926.46649	0.9728
1924.41269	0.97282
1922.35889	0.97291
1920.30508	0.97267
1918.25128	0.97184
1916.19748	0.97121
1914.14368	0.9713
1912.08988	0.97167
1910.03607	0.97193
1907.98227	0.97234
1905.92847	0.97282
1903.87467	0.97286
1901.82086	0.97256
1899.76706	0.97211
1897.71326	0.97184
1895.65946	0.97217
1893.60566	0.97288
1891.55185	0.97298
1889.49805	0.97215
1887.44425	0.97139
1885.39045	0.97143
1883.33664	0.97183
1881.28284	0.97198
1879.22904	0.97185
1877.17524	0.97164
1875.12143	0.9714
1873.06763	0.9711
1871.01383	0.97096
1868.96003	0.97087
1866.90623	0.97047
1864.85242	0.97009
1862.79862	0.96985
1860.74482	0.96999
1858.69102	0.97048
1856.63721	0.97044
1854.58341	0.96998
1852.52961	0.9701
1850.47581	0.97045
1848.42201	0.97035
1846.3682	0.97006
1844.3144	0.96988
1842.2606	0.96956
1840.2068	0.96906
1838.15299	0.96862
1836.09919	0.96836
1834.04539	0.96831
1831.99159	0.96805
1829.93779	0.96742
1827.88398	0.96711
1825.83018	0.96717
1823.77638	0.96701
1821.72258	0.96686
1819.66877	0.96696
1817.61497	0.96711
1815.56117	0.96697
1813.50737	0.96656
1811.45357	0.9663
1809.39976	0.96614
1807.34596	0.96582
1805.29216	0.96544
1803.23836	0.96498
1801.18455	0.96449
1799.13075	0.96417
1797.07695	0.96403
1795.02315	0.96377
1792.96935	0.96313
1790.91554	0.96235
1788.86174	0.96187
1786.80794	0.96136
1784.75414	0.96062
1782.70033	0.95989
1780.64653	0.95918
1778.59273	0.95842
1776.53893	0.9577
1774.48513	0.95704
1772.43132	0.95631
1770.37752	0.95539
1768.32372	0.95448
1766.26992	0.95388
1764.21611	0.95347
1762.16231	0.95289
1760.10851	0.95206
1758.05471	0.951
1756.00091	0.9499
1753.9471	0.94934
1751.8933	0.94883
1749.8395	0.94765
1747.7857	0.94637
1745.73189	0.94538
1743.67809	0.94445
1741.62429	0.94325
1739.57049	0.94176
1737.51669	0.94061
1735.46288	0.93958
1733.40908	0.93762
1731.35528	0.93556
1729.30148	0.93388
1727.24767	0.93198
1725.19387	0.92977
1723.14007	0.92741
1721.08627	0.92526
1719.03247	0.92289
1716.97866	0.91981
1714.92486	0.91685
1712.87106	0.91453
1710.81726	0.91239
1708.76345	0.91021
1706.70965	0.90776
1704.65585	0.90528
1702.60205	0.90336
1700.54825	0.9007
1698.49444	0.89705
1696.44064	0.89379
1694.38684	0.89063
1692.33304	0.88809
1690.27923	0.88543
1688.22543	0.88251
1686.17163	0.87966
1684.11783	0.87496
1682.06403	0.87
1680.01022	0.86676
1677.95642	0.86368
1675.90262	0.85968
1673.84882	0.8551
1671.79501	0.85124
1669.74121	0.84699
1667.68741	0.8425
1665.63361	0.83911
1663.57981	0.83534
1661.526	0.83076
1659.4722	0.827
1657.4184	0.82416
1655.3646	0.82139
1653.31079	0.81648
1651.25699	0.81176
1649.20319	0.8098
1647.14939	0.80746
1645.09559	0.80464
1643.04178	0.80285
1640.98798	0.80158
1638.93418	0.80065
1636.88038	0.80022
1634.82657	0.80052
1632.77277	0.80167
1630.71897	0.80328
1628.66517	0.8054
1626.61137	0.80812
1624.55756	0.81157
1622.50376	0.81574
1620.44996	0.81977
1618.39616	0.82397
1616.34235	0.8294
1614.28855	0.8346
1612.23475	0.83902
1610.18095	0.84373
1608.12715	0.84886
1606.07334	0.85383
1604.01954	0.85835
1601.96574	0.86277
1599.91194	0.86707
1597.85813	0.87099
1595.80433	0.87477
1593.75053	0.8785
1591.69673	0.88185
1589.64293	0.88483
1587.58912	0.88771
1585.53532	0.89059
1583.48152	0.89325
1581.42772	0.89561
1579.37391	0.89778
1577.32011	0.89993
1575.26631	0.90214
1573.21251	0.90386
1571.15871	0.90542
1569.1049	0.90716
1567.0511	0.90863
1564.9973	0.90994
1562.9435	0.91132
1560.88969	0.91273
1558.83589	0.91408
1556.78209	0.91472
1554.72829	0.9153
1552.67449	0.91619
1550.62068	0.91723
1548.56688	0.91823
1546.51308	0.91902
1544.45928	0.91977
1542.40547	0.9207
1540.35167	0.92167
1538.29787	0.92211
1536.24407	0.92243
1534.19026	0.92287
1532.13646	0.92333
1530.08266	0.9239
1528.02886	0.92445
1525.97506	0.92485
1523.92125	0.92535
1521.86745	0.92588
1519.81365	0.92623
1517.75985	0.92649
1515.70604	0.92672
1513.65224	0.92696
1511.59844	0.92731
1509.54464	0.92786
1507.49084	0.92851
1505.43703	0.9287
1503.38323	0.92861
1501.32943	0.92861
1499.27563	0.92866
1497.22182	0.92871
1495.16802	0.92871
1493.11422	0.92864
1491.06042	0.92858
1489.00662	0.92864
1486.95281	0.92848
1484.89901	0.92789
1482.84521	0.92717
1480.79141	0.9263
1478.7376	0.92511
1476.6838	0.92345
1474.63	0.92054
1472.5762	0.91495
1470.5224	0.90793
1468.46859	0.90142
1466.41479	0.89382
1464.36099	0.88495
1462.30719	0.8786
1460.25338	0.87557
1458.19958	0.87335
1456.14578	0.87092
1454.09198	0.86984
1452.03818	0.87012
1449.98437	0.87239
1447.93057	0.87855
1445.87677	0.88796
1443.82297	0.89702
1441.76916	0.9036
1439.71536	0.90703
1437.66156	0.90767
1435.60776	0.90777
1433.55396	0.91071
1431.50015	0.91564
1429.44635	0.92007
1427.39255	0.92263
1425.33875	0.92394
1423.28494	0.92466
1421.23114	0.92504
1419.17734	0.9253
1417.12354	0.92546
1415.06974	0.92562
1413.01593	0.92589
1410.96213	0.9262
1408.90833	0.92631
1406.85453	0.92622
1404.80072	0.92609
1402.74692	0.92621
1400.69312	0.92643
1398.63932	0.92639
1396.58552	0.92612
1394.53171	0.92562
1392.47791	0.92466
1390.42411	0.9233
1388.37031	0.92105
1386.3165	0.91687
1384.2627	0.90995
1382.2089	0.8985
1380.1551	0.87982
1378.1013	0.85617
1376.04749	0.84004
1373.99369	0.84479
1371.93989	0.86572
1369.88609	0.8864
1367.83228	0.89964
1365.77848	0.90551
1363.72468	0.90653
1361.67088	0.90433
1359.61708	0.90197
1357.56327	0.90257
1355.50947	0.90629
1353.45567	0.91104
1351.40187	0.91487
1349.34806	0.91747
1347.29426	0.91926
1345.24046	0.92051
1343.18666	0.9213
1341.13286	0.92168
1339.07905	0.92163
1337.02525	0.92145
1334.97145	0.92139
1332.91765	0.92116
1330.86384	0.9208
1328.81004	0.92074
1326.75624	0.92106
1324.70244	0.92163
1322.64864	0.92224
1320.59483	0.92271
1318.54103	0.92307
1316.48723	0.92329
1314.43343	0.92318
1312.37962	0.92284
1310.32582	0.92229
1308.27202	0.92105
1306.21822	0.91938
1304.16442	0.91856
1302.11061	0.9189
1300.05681	0.9194
1298.00301	0.91959
1295.94921	0.91968
1293.8954	0.91996
1291.8416	0.92044
1289.7878	0.92085
1287.734	0.92118
1285.6802	0.92144
1283.62639	0.92142
1281.57259	0.92111
1279.51879	0.92075
1277.46499	0.92057
1275.41118	0.92048
1273.35738	0.92037
1271.30358	0.92028
1269.24978	0.92004
1267.19598	0.91954
1265.14217	0.91879
1263.08837	0.91797
1261.03457	0.91712
1258.98077	0.91574
1256.92696	0.91401
1254.87316	0.9131
1252.81936	0.91319
1250.76556	0.91339
1248.71176	0.91342
1246.65795	0.91325
1244.60415	0.91265
1242.55035	0.91178
1240.49655	0.91095
1238.44274	0.91006
1236.38894	0.90906
1234.33514	0.90799
1232.28134	0.90687
1230.22754	0.90572
1228.17373	0.90438
1226.11993	0.90273
1224.06613	0.90108
1222.01233	0.89964
1219.95852	0.89841
1217.90472	0.89731
1215.85092	0.89637
1213.79712	0.89572
1211.74332	0.8954
1209.68951	0.8951
1207.63571	0.89461
1205.58191	0.894
1203.52811	0.89334
1201.4743	0.89281
1199.4205	0.89259
1197.3667	0.89245
1195.3129	0.89226
1193.25909	0.8921
1191.20529	0.89207
1189.15149	0.89215
1187.09769	0.89228
1185.04389	0.89236
1182.99008	0.8924
1180.93628	0.89247
1178.88248	0.89238
1176.82868	0.89178
1174.77487	0.89019
1172.72107	0.88719
1170.66727	0.88314
1168.61347	0.87977
1166.55967	0.87921
1164.50586	0.88143
1162.45206	0.88455
1160.39826	0.88725
1158.34446	0.88934
1156.29065	0.89078
1154.23685	0.89157
1152.18305	0.89198
1150.12925	0.89259
1148.07545	0.89371
1146.02164	0.89495
1143.96784	0.8958
1141.91404	0.89619
1139.86024	0.89634
1137.80643	0.89655
1135.75263	0.89655
1133.69883	0.89601
1131.64503	0.89531
1129.59123	0.89489
1127.53742	0.89468
1125.48362	0.89432
1123.42982	0.89386
1121.37602	0.89339
1119.32221	0.8927
1117.26841	0.89175
1115.21461	0.89089
1113.16081	0.8902
1111.10701	0.88961
1109.0532	0.88899
1106.9994	0.88798
1104.9456	0.88665
1102.8918	0.88578
1100.83799	0.88577
1098.78419	0.88622
1096.73039	0.88676
1094.67659	0.88739
1092.62279	0.88792
1090.56898	0.88803
1088.51518	0.88785
1086.46138	0.88778
1084.40758	0.88811
1082.35377	0.88862
1080.29997	0.889
1078.24617	0.88942
1076.19237	0.88986
1074.13857	0.89008
1072.08476	0.89011
1070.03096	0.88994
1067.97716	0.88939
1065.92336	0.88837
1063.86955	0.88716
1061.81575	0.88581
1059.76195	0.88379
1057.70815	0.88111
1055.65435	0.87842
1053.60054	0.87626
1051.54674	0.87481
1049.49294	0.87371
1047.43914	0.87266
1045.38533	0.87192
1043.33153	0.8717
1041.27773	0.87192
1039.22393	0.87258
1037.17013	0.87356
1035.11632	0.87465
1033.06252	0.87593
1031.00872	0.87734
1028.95492	0.87875
1026.90111	0.88022
1024.84731	0.88157
1022.79351	0.88253
1020.73971	0.88337
1018.68591	0.88419
1016.6321	0.8848
1014.5783	0.88539
1012.5245	0.88601
1010.4707	0.88638
1008.41689	0.88646
1006.36309	0.8862
1004.30929	0.88513
1002.25549	0.88224
1000.20169	0.87737
998.14788	0.87341
996.09408	0.87437
994.04028	0.87989
991.98648	0.88575
989.93267	0.88934
987.87887	0.8911
985.82507	0.89184
983.77127	0.89186
981.71747	0.89103
979.66366	0.8889
977.60986	0.88516
975.55606	0.87989
973.50226	0.87538
971.44845	0.87543
969.39465	0.88024
967.34085	0.88581
965.28705	0.88919
963.23325	0.89074
961.17944	0.8915
959.12564	0.89166
957.07184	0.89117
955.01804	0.89048
952.96423	0.89001
950.91043	0.88956
948.85663	0.88896
946.80283	0.88822
944.74903	0.88727
942.69522	0.88601
940.64142	0.88444
938.58762	0.88313
936.53382	0.88264
934.48001	0.88243
932.42621	0.88176
930.37241	0.88075
928.31861	0.87965
926.26481	0.87838
924.211	0.87706
922.1572	0.87599
920.1034	0.87497
918.0496	0.87348
915.99579	0.87141
913.94199	0.8694
911.88819	0.8679
909.83439	0.86638
907.78059	0.86463
905.72678	0.86251
903.67298	0.85929
901.61918	0.85535
899.56538	0.85233
897.51157	0.85104
895.45777	0.851
893.40397	0.85116
891.35017	0.85064
889.29637	0.84954
887.24256	0.84839
885.18876	0.84711
883.13496	0.84548
881.08116	0.84381
879.02735	0.84238
876.97355	0.84089
874.91975	0.83919
872.86595	0.83763
870.81215	0.83634
868.75834	0.83507
866.70454	0.83376
864.65074	0.8323
862.59694	0.8304
860.54313	0.82832
858.48933	0.82622
856.43553	0.82376
854.38173	0.8211
852.32792	0.81873
850.27412	0.81645
848.22032	0.81357
846.16652	0.80932
844.11272	0.80256
842.05891	0.79503
840.00511	0.79227
837.95131	0.79504
835.89751	0.79797
833.8437	0.79841
831.7899	0.79729
829.7361	0.7954
827.6823	0.79348
825.6285	0.79171
823.57469	0.78976
821.52089	0.78756
819.46709	0.78497
817.41329	0.78218
815.35948	0.77907
813.30568	0.7751
811.25188	0.77077
809.19808	0.76736
807.14428	0.76568
805.09047	0.76531
803.03667	0.76504
800.98287	0.76405
798.92907	0.76244
796.87526	0.7605
794.82146	0.75843
792.76766	0.75656
790.71386	0.75496
788.66006	0.75305
786.60625	0.75072
784.55245	0.74889
782.49865	0.74737
780.44485	0.74543
778.39104	0.74331
776.33724	0.74126
774.28344	0.73909
772.22964	0.73684
770.17584	0.73463
768.12203	0.73273
766.06823	0.731
764.01443	0.72909
761.96063	0.72704
759.90682	0.72476
757.85302	0.7224
755.79922	0.7204
753.74542	0.71868
751.69162	0.7168
749.63781	0.71468
747.58401	0.71246
745.53021	0.71024
743.47641	0.70832
741.4226	0.70682
739.3688	0.70491
737.315	0.70224
735.2612	0.69979
733.2074	0.698
731.15359	0.69669
729.09979	0.69565
727.04599	0.69428
724.99219	0.69266
722.93838	0.69103
720.88458	0.68882
718.83078	0.68658
716.77698	0.685
714.72318	0.68342
712.66937	0.68148
710.61557	0.67942
708.56177	0.67741
706.50797	0.67553
704.45416	0.67365
702.40036	0.67153
700.34656	0.66949
698.29276	0.66804
696.23896	0.66684
694.18515	0.66518
692.13135	0.66338
690.07755	0.66186
688.02375	0.66022
685.96994	0.65847
683.91614	0.65671
681.86234	0.6551
679.80854	0.65392
677.75474	0.65251
675.70093	0.65103
673.64713	0.65014
671.59333	0.64941
669.53953	0.64773
667.48572	0.64462
665.43192	0.64287
663.37812	0.64228
661.32432	0.64158
659.27052	0.64061
657.21671	0.63939
655.16291	0.6381
653.10911	0.63669
651.05531	0.6351
649.0015	0.63361
646.9477	0.63238
644.8939	0.63129
642.8401	0.62966
640.7863	0.62781
638.73249	0.6265
636.67869	0.62522
634.62489	0.62399
632.57109	0.62319
630.51728	0.62243
628.46348	0.62106
626.40968	0.61918
624.35588	0.61752
622.30208	0.61662
620.24827	0.61636
618.19447	0.6158
616.14067	0.61425
614.08687	0.61207
612.03306	0.61022
609.97926	0.6089
607.92546	0.60787
605.87166	0.60738
603.81786	0.60724
601.76405	0.60645
599.71025	0.60455
597.65645	0.60285
595.60265	0.6019
593.54884	0.60078
591.49504	0.59936
589.44124	0.59823
587.38744	0.59759
585.33364	0.59709
583.27983	0.59652
581.22603	0.59575
579.17223	0.59516
577.11843	0.59537
575.06462	0.59549
573.01082	0.59481
570.95702	0.59463
568.90322	0.59523
566.84942	0.59482
564.79561	0.59334
562.74181	0.59281
560.68801	0.59344
558.63421	0.59333
556.5804	0.59178
554.5266	0.59017
552.4728	0.58946
550.419	0.58858
548.3652	0.58659
546.31139	0.58454
544.25759	0.58343
542.20379	0.58245
540.14999	0.58129
538.09618	0.581
536.04238	0.58114
533.98858	0.58058
531.93478	0.57978
529.88098	0.57903
527.82717	0.57835
525.77337	0.5781
523.71957	0.578
521.66577	0.57783
519.61196	0.57732
517.55816	0.57687
515.50436	0.57731
513.45056	0.57758
511.39675	0.57722
509.34295	0.57803
507.28915	0.57995
505.23535	0.58076
503.18155	0.58002
501.12774	0.57834
499.07394	0.57654
497.02014	0.57577
494.96634	0.57613
492.91253	0.57611
490.85873	0.57517
488.80493	0.57481
486.75113	0.57559
484.69733	0.57611
482.64352	0.57559
480.58972	0.57487
478.53592	0.57453
476.48212	0.57362
474.42831	0.57154
472.37451	0.56986
470.32071	0.56954
468.26691	0.56939
466.21311	0.56902
464.1593	0.56837
462.1055	0.56657
460.0517	0.56518
457.9979	0.56685
455.94409	0.56913
453.89029	0.56962
451.83649	0.56978
449.78269	0.56956
447.72889	0.56914
445.67508	0.56935
443.62128	0.56954
441.56748	0.56952
439.51368	0.57122
437.45987	0.5755
435.40607	0.57886
433.35227	0.57851
431.29847	0.57666
429.24467	0.57501
427.19086	0.57344
425.13706	0.57276
423.08326	0.57296
421.02946	0.57322
418.97565	0.57503
416.92185	0.57638
414.86805	0.57568
412.81425	0.57457
410.76045	0.5727
408.70664	0.57023
406.65284	0.56904
404.59904	0.57073
402.54524	0.57443
400.49143	0.57966
398.43763	0.58482
KMeans Clustering	2.0
Spectral Clustering	7.0
Agglomerative Clustering	9.0
