Numero de onda	Muestra 485
3996.69914	0.97651
3994.64534	0.97677
3992.59153	0.97656
3990.53773	0.97608
3988.48393	0.97592
3986.43013	0.97602
3984.37632	0.97601
3982.32252	0.97575
3980.26872	0.97554
3978.21492	0.97588
3976.16112	0.97639
3974.10731	0.97635
3972.05351	0.97613
3969.99971	0.97631
3967.94591	0.97655
3965.8921	0.97649
3963.8383	0.97626
3961.7845	0.97605
3959.7307	0.97599
3957.6769	0.97619
3955.62309	0.97645
3953.56929	0.97648
3951.51549	0.97634
3949.46169	0.97625
3947.40788	0.97623
3945.35408	0.9762
3943.30028	0.97618
3941.24648	0.97618
3939.19268	0.97629
3937.13887	0.97651
3935.08507	0.97671
3933.03127	0.97663
3930.97747	0.97643
3928.92366	0.97656
3926.86986	0.97687
3924.81606	0.97696
3922.76226	0.97679
3920.70845	0.97656
3918.65465	0.97647
3916.60085	0.97657
3914.54705	0.97672
3912.49325	0.97677
3910.43944	0.9768
3908.38564	0.97685
3906.33184	0.97676
3904.27804	0.97661
3902.22423	0.97655
3900.17043	0.97681
3898.11663	0.97712
3896.06283	0.97683
3894.00903	0.97642
3891.95522	0.97641
3889.90142	0.97689
3887.84762	0.97736
3885.79382	0.97712
3883.74001	0.97626
3881.68621	0.97557
3879.63241	0.97533
3877.57861	0.97563
3875.52481	0.97626
3873.471	0.97679
3871.4172	0.97698
3869.3634	0.97687
3867.3096	0.9767
3865.25579	0.97651
3863.20199	0.97638
3861.14819	0.97643
3859.09439	0.97634
3857.04059	0.9762
3854.98678	0.97623
3852.93298	0.97652
3850.87918	0.97695
3848.82538	0.97686
3846.77157	0.9766
3844.71777	0.9768
3842.66397	0.97714
3840.61017	0.97719
3838.55637	0.97674
3836.50256	0.97633
3834.44876	0.97677
3832.39496	0.97714
3830.34116	0.97693
3828.28735	0.97678
3826.23355	0.97661
3824.17975	0.97637
3822.12595	0.97629
3820.07215	0.97632
3818.01834	0.97646
3815.96454	0.97677
3813.91074	0.97711
3811.85694	0.97719
3809.80313	0.97722
3807.74933	0.97744
3805.69553	0.97747
3803.64173	0.97728
3801.58793	0.9771
3799.53412	0.97688
3797.48032	0.97658
3795.42652	0.97646
3793.37272	0.97672
3791.31891	0.97713
3789.26511	0.97749
3787.21131	0.97747
3785.15751	0.97719
3783.10371	0.97721
3781.0499	0.97745
3778.9961	0.97741
3776.9423	0.97714
3774.8885	0.97687
3772.83469	0.97671
3770.78089	0.97681
3768.72709	0.97706
3766.67329	0.97743
3764.61949	0.97777
3762.56568	0.9779
3760.51188	0.97777
3758.45808	0.97742
3756.40428	0.97719
3754.35047	0.97742
3752.29667	0.97813
3750.24287	0.97867
3748.18907	0.97886
3746.13527	0.97908
3744.08146	0.97877
3742.02766	0.97807
3739.97386	0.97782
3737.92006	0.97759
3735.86625	0.97703
3733.81245	0.97696
3731.75865	0.97733
3729.70485	0.9775
3727.65105	0.97774
3725.59724	0.97804
3723.54344	0.97795
3721.48964	0.97755
3719.43584	0.97724
3717.38203	0.97718
3715.32823	0.97708
3713.27443	0.9767
3711.22063	0.97629
3709.16683	0.97582
3707.11302	0.97515
3705.05922	0.97464
3703.00542	0.97414
3700.95162	0.97333
3698.89781	0.97273
3696.84401	0.97259
3694.79021	0.97242
3692.73641	0.97238
3690.68261	0.97271
3688.6288	0.9729
3686.575	0.97282
3684.5212	0.97304
3682.4674	0.97355
3680.41359	0.97367
3678.35979	0.9731
3676.30599	0.97273
3674.25219	0.97315
3672.19839	0.97324
3670.14458	0.973
3668.09078	0.97302
3666.03698	0.97305
3663.98318	0.97308
3661.92937	0.97304
3659.87557	0.97259
3657.82177	0.9718
3655.76797	0.97129
3653.71417	0.97142
3651.66036	0.97168
3649.60656	0.97166
3647.55276	0.9713
3645.49896	0.97094
3643.44515	0.97068
3641.39135	0.97038
3639.33755	0.97008
3637.28375	0.96975
3635.22995	0.96941
3633.17614	0.96914
3631.12234	0.96886
3629.06854	0.96821
3627.01474	0.96755
3624.96093	0.96756
3622.90713	0.96757
3620.85333	0.96733
3618.79953	0.96764
3616.74573	0.9687
3614.69192	0.96949
3612.63812	0.96931
3610.58432	0.96837
3608.53052	0.96763
3606.47671	0.96756
3604.42291	0.96769
3602.36911	0.96787
3600.31531	0.96822
3598.26151	0.96813
3596.2077	0.96751
3594.1539	0.96727
3592.1001	0.96759
3590.0463	0.96788
3587.99249	0.96786
3585.93869	0.96757
3583.88489	0.96729
3581.83109	0.96723
3579.77728	0.96708
3577.72348	0.96649
3575.66968	0.9659
3573.61588	0.96567
3571.56208	0.96557
3569.50827	0.9656
3567.45447	0.96584
3565.40067	0.96569
3563.34687	0.96527
3561.29306	0.96518
3559.23926	0.96523
3557.18546	0.96517
3555.13166	0.96503
3553.07786	0.96462
3551.02405	0.9642
3548.97025	0.96412
3546.91645	0.96391
3544.86265	0.9635
3542.80884	0.96349
3540.75504	0.96359
3538.70124	0.96332
3536.64744	0.96301
3534.59364	0.96286
3532.53983	0.9626
3530.48603	0.96229
3528.43223	0.96211
3526.37843	0.96197
3524.32462	0.9618
3522.27082	0.96178
3520.21702	0.96182
3518.16322	0.96154
3516.10942	0.96101
3514.05561	0.96061
3512.00181	0.96034
3509.94801	0.96002
3507.89421	0.95984
3505.8404	0.95986
3503.7866	0.95981
3501.7328	0.95981
3499.679	0.95994
3497.6252	0.95988
3495.57139	0.9595
3493.51759	0.95903
3491.46379	0.95867
3489.40999	0.9584
3487.35618	0.95809
3485.30238	0.95765
3483.24858	0.95717
3481.19478	0.95698
3479.14098	0.95694
3477.08717	0.95694
3475.03337	0.95702
3472.97957	0.95684
3470.92577	0.95645
3468.87196	0.95615
3466.81816	0.95591
3464.76436	0.95557
3462.71056	0.9551
3460.65676	0.95464
3458.60295	0.95434
3456.54915	0.95438
3454.49535	0.95466
3452.44155	0.9547
3450.38774	0.95433
3448.33394	0.95384
3446.28014	0.95355
3444.22634	0.95349
3442.17254	0.9533
3440.11873	0.95306
3438.06493	0.95306
3436.01113	0.95314
3433.95733	0.95317
3431.90352	0.95312
3429.84972	0.95287
3427.79592	0.95237
3425.74212	0.95191
3423.68832	0.95156
3421.63451	0.95143
3419.58071	0.95157
3417.52691	0.95154
3415.47311	0.95129
3413.4193	0.95111
3411.3655	0.95103
3409.3117	0.95092
3407.2579	0.95076
3405.2041	0.95078
3403.15029	0.95075
3401.09649	0.95035
3399.04269	0.95005
3396.98889	0.95028
3394.93508	0.95046
3392.88128	0.95025
3390.82748	0.95001
3388.77368	0.94976
3386.71988	0.94953
3384.66607	0.94961
3382.61227	0.9497
3380.55847	0.9494
3378.50467	0.94908
3376.45086	0.94887
3374.39706	0.94858
3372.34326	0.94844
3370.28946	0.94855
3368.23566	0.94861
3366.18185	0.94843
3364.12805	0.948
3362.07425	0.9477
3360.02045	0.94798
3357.96664	0.9483
3355.91284	0.94815
3353.85904	0.94786
3351.80524	0.94779
3349.75144	0.94787
3347.69763	0.9478
3345.64383	0.94764
3343.59003	0.9475
3341.53623	0.94748
3339.48242	0.94766
3337.42862	0.94771
3335.37482	0.94753
3333.32102	0.94728
3331.26722	0.94699
3329.21341	0.94703
3327.15961	0.94724
3325.10581	0.94708
3323.05201	0.94707
3320.9982	0.94728
3318.9444	0.94726
3316.8906	0.94728
3314.8368	0.94738
3312.783	0.94724
3310.72919	0.94698
3308.67539	0.94671
3306.62159	0.9465
3304.56779	0.94653
3302.51398	0.94672
3300.46018	0.94681
3298.40638	0.94676
3296.35258	0.9466
3294.29878	0.94626
3292.24497	0.94611
3290.19117	0.94628
3288.13737	0.94649
3286.08357	0.94687
3284.02976	0.9473
3281.97596	0.94744
3279.92216	0.94745
3277.86836	0.94747
3275.81456	0.94746
3273.76075	0.94734
3271.70695	0.94731
3269.65315	0.94766
3267.59935	0.94814
3265.54554	0.9485
3263.49174	0.9488
3261.43794	0.94913
3259.38414	0.94937
3257.33034	0.94948
3255.27653	0.94953
3253.22273	0.94961
3251.16893	0.94975
3249.11513	0.94987
3247.06132	0.94997
3245.00752	0.95011
3242.95372	0.95025
3240.89992	0.95052
3238.84611	0.95077
3236.79231	0.95078
3234.73851	0.95085
3232.68471	0.95115
3230.63091	0.95143
3228.5771	0.95163
3226.5233	0.95189
3224.4695	0.95204
3222.4157	0.95211
3220.36189	0.95227
3218.30809	0.95242
3216.25429	0.9526
3214.20049	0.95281
3212.14669	0.95288
3210.09288	0.9529
3208.03908	0.953
3205.98528	0.95317
3203.93148	0.95342
3201.87767	0.95373
3199.82387	0.95418
3197.77007	0.95456
3195.71627	0.95469
3193.66247	0.95483
3191.60866	0.95503
3189.55486	0.95512
3187.50106	0.95526
3185.44726	0.95548
3183.39345	0.95547
3181.33965	0.95533
3179.28585	0.95551
3177.23205	0.95584
3175.17825	0.956
3173.12444	0.95632
3171.07064	0.95689
3169.01684	0.95744
3166.96304	0.95777
3164.90923	0.95772
3162.85543	0.95756
3160.80163	0.9578
3158.74783	0.95831
3156.69403	0.95862
3154.64022	0.95886
3152.58642	0.9592
3150.53262	0.95944
3148.47882	0.95955
3146.42501	0.95962
3144.37121	0.95966
3142.31741	0.95971
3140.26361	0.95961
3138.20981	0.95954
3136.156	0.95993
3134.1022	0.96047
3132.0484	0.96076
3129.9946	0.96093
3127.94079	0.96101
3125.88699	0.96107
3123.83319	0.96116
3121.77939	0.9612
3119.72559	0.9613
3117.67178	0.96147
3115.61798	0.96158
3113.56418	0.96158
3111.51038	0.96167
3109.45657	0.96191
3107.40277	0.96204
3105.34897	0.96218
3103.29517	0.96233
3101.24137	0.96218
3099.18756	0.96188
3097.13376	0.96172
3095.07996	0.96174
3093.02616	0.96179
3090.97235	0.96178
3088.91855	0.96183
3086.86475	0.96185
3084.81095	0.9616
3082.75715	0.96137
3080.70334	0.96154
3078.64954	0.96184
3076.59574	0.96197
3074.54194	0.96205
3072.48813	0.96221
3070.43433	0.96235
3068.38053	0.96241
3066.32673	0.96247
3064.27293	0.96255
3062.21912	0.96269
3060.16532	0.96292
3058.11152	0.96313
3056.05772	0.96319
3054.00391	0.96311
3051.95011	0.9631
3049.89631	0.96317
3047.84251	0.96309
3045.78871	0.96294
3043.7349	0.963
3041.6811	0.96334
3039.6273	0.96375
3037.5735	0.964
3035.51969	0.96407
3033.46589	0.96414
3031.41209	0.96427
3029.35829	0.9642
3027.30449	0.96404
3025.25068	0.96414
3023.19688	0.96428
3021.14308	0.96426
3019.08928	0.9643
3017.03547	0.9644
3014.98167	0.96444
3012.92787	0.96452
3010.87407	0.96467
3008.82027	0.96468
3006.76646	0.96445
3004.71266	0.96432
3002.65886	0.96445
3000.60506	0.96462
2998.55125	0.96475
2996.49745	0.96488
2994.44365	0.96487
2992.38985	0.96466
2990.33605	0.96439
2988.28224	0.96414
2986.22844	0.96383
2984.17464	0.96343
2982.12084	0.96301
2980.06703	0.96255
2978.01323	0.96203
2975.95943	0.96149
2973.90563	0.96099
2971.85183	0.96034
2969.79802	0.95931
2967.74422	0.95818
2965.69042	0.95714
2963.63662	0.95594
2961.58281	0.95454
2959.52901	0.95316
2957.47521	0.95188
2955.42141	0.95066
2953.36761	0.94956
2951.3138	0.94861
2949.26	0.94735
2947.2062	0.94527
2945.1524	0.94231
2943.09859	0.9384
2941.04479	0.93317
2938.99099	0.9264
2936.93719	0.91823
2934.88339	0.90861
2932.82958	0.8973
2930.77578	0.88399
2928.72198	0.86795
2926.66818	0.84818
2924.61437	0.82361
2922.56057	0.79393
2920.50677	0.761
2918.45297	0.72942
2916.39917	0.70624
2914.34536	0.69866
2912.29156	0.7081
2910.23776	0.72812
2908.18396	0.75064
2906.13015	0.7711
2904.07635	0.78798
2902.02255	0.80131
2899.96875	0.81183
2897.91494	0.82069
2895.86114	0.82882
2893.80734	0.83648
2891.75354	0.84387
2889.69974	0.85129
2887.64593	0.85885
2885.59213	0.86667
2883.53833	0.87468
2881.48453	0.88267
2879.43072	0.89061
2877.37692	0.89816
2875.32312	0.90475
2873.26932	0.91014
2871.21552	0.91422
2869.16171	0.91684
2867.10791	0.91786
2865.05411	0.917
2863.00031	0.91379
2860.9465	0.90719
2858.8927	0.89546
2856.8389	0.87583
2854.7851	0.84462
2852.7313	0.80067
2850.67749	0.75332
2848.62369	0.72342
2846.56989	0.72617
2844.51609	0.75522
2842.46228	0.79247
2840.40848	0.82555
2838.35468	0.851
2836.30088	0.86987
2834.24708	0.88407
2832.19327	0.89481
2830.13947	0.90296
2828.08567	0.90928
2826.03187	0.9144
2823.97806	0.91885
2821.92426	0.9228
2819.87046	0.92614
2817.81666	0.92884
2815.76286	0.93103
2813.70905	0.93287
2811.65525	0.93461
2809.60145	0.93631
2807.54765	0.93785
2805.49384	0.93926
2803.44004	0.94055
2801.38624	0.94161
2799.33244	0.9425
2797.27864	0.94355
2795.22483	0.94477
2793.17103	0.94573
2791.11723	0.94647
2789.06343	0.9474
2787.00962	0.94845
2784.95582	0.94927
2782.90202	0.95006
2780.84822	0.95092
2778.79442	0.9515
2776.74061	0.95175
2774.68681	0.95205
2772.63301	0.95261
2770.57921	0.95317
2768.5254	0.95373
2766.4716	0.95441
2764.4178	0.95492
2762.364	0.95509
2760.3102	0.9553
2758.25639	0.95571
2756.20259	0.95599
2754.14879	0.9561
2752.09499	0.95629
2750.04118	0.9566
2747.98738	0.95684
2745.93358	0.95697
2743.87978	0.95709
2741.82598	0.95738
2739.77217	0.9577
2737.71837	0.9577
2735.66457	0.95756
2733.61077	0.95766
2731.55696	0.95799
2729.50316	0.95843
2727.44936	0.95875
2725.39556	0.95882
2723.34176	0.95882
2721.28795	0.95899
2719.23415	0.95932
2717.18035	0.95949
2715.12655	0.95953
2713.07274	0.95974
2711.01894	0.95991
2708.96514	0.95995
2706.91134	0.96018
2704.85754	0.96046
2702.80373	0.96051
2700.74993	0.96058
2698.69613	0.96072
2696.64233	0.96081
2694.58852	0.96098
2692.53472	0.96119
2690.48092	0.96122
2688.42712	0.96121
2686.37332	0.96141
2684.31951	0.96168
2682.26571	0.96182
2680.21191	0.96188
2678.15811	0.96198
2676.1043	0.96214
2674.0505	0.96212
2671.9967	0.96178
2669.9429	0.96146
2667.8891	0.96138
2665.83529	0.96133
2663.78149	0.96118
2661.72769	0.96099
2659.67389	0.96084
2657.62008	0.96093
2655.56628	0.96123
2653.51248	0.96133
2651.45868	0.9612
2649.40488	0.96116
2647.35107	0.96127
2645.29727	0.96158
2643.24347	0.96201
2641.18967	0.96201
2639.13586	0.96159
2637.08206	0.96139
2635.02826	0.96158
2632.97446	0.96184
2630.92066	0.96185
2628.86685	0.96172
2626.81305	0.96195
2624.75925	0.96242
2622.70545	0.96272
2620.65164	0.96291
2618.59784	0.96301
2616.54404	0.96311
2614.49024	0.96347
2612.43644	0.96394
2610.38263	0.96423
2608.32883	0.96423
2606.27503	0.96399
2604.22123	0.96374
2602.16742	0.96384
2600.11362	0.96443
2598.05982	0.96515
2596.00602	0.96545
2593.95222	0.96547
2591.89841	0.96562
2589.84461	0.96582
2587.79081	0.96594
2585.73701	0.96607
2583.6832	0.96614
2581.6294	0.96618
2579.5756	0.96624
2577.5218	0.96638
2575.468	0.96668
2573.41419	0.96685
2571.36039	0.96678
2569.30659	0.96674
2567.25279	0.96672
2565.19898	0.96654
2563.14518	0.96634
2561.09138	0.96649
2559.03758	0.96685
2556.98377	0.96713
2554.92997	0.96735
2552.87617	0.96743
2550.82237	0.96722
2548.76857	0.96724
2546.71476	0.9676
2544.66096	0.96776
2542.60716	0.96779
2540.55336	0.96787
2538.49955	0.96787
2536.44575	0.96795
2534.39195	0.96833
2532.33815	0.96861
2530.28435	0.96825
2528.23054	0.96774
2526.17674	0.96765
2524.12294	0.96796
2522.06914	0.9685
2520.01533	0.96881
2517.96153	0.96866
2515.90773	0.96842
2513.85393	0.96851
2511.80013	0.96895
2509.74632	0.96925
2507.69252	0.96888
2505.63872	0.96817
2503.58492	0.96808
2501.53111	0.96866
2499.47731	0.96905
2497.42351	0.96904
2495.36971	0.9689
2493.31591	0.9688
2491.2621	0.96857
2489.2083	0.96816
2487.1545	0.96819
2485.1007	0.96891
2483.04689	0.96957
2480.99309	0.96956
2478.93929	0.96922
2476.88549	0.96905
2474.83169	0.96905
2472.77788	0.96898
2470.72408	0.96889
2468.67028	0.96917
2466.61648	0.96953
2464.56267	0.96967
2462.50887	0.96993
2460.45507	0.97015
2458.40127	0.96993
2456.34747	0.96965
2454.29366	0.9698
2452.23986	0.97003
2450.18606	0.97011
2448.13226	0.97031
2446.07845	0.97027
2444.02465	0.96986
2441.97085	0.96955
2439.91705	0.96944
2437.86325	0.96957
2435.80944	0.96991
2433.75564	0.97006
2431.70184	0.97006
2429.64804	0.97031
2427.59423	0.9706
2425.54043	0.97058
2423.48663	0.97034
2421.43283	0.97008
2419.37903	0.9699
2417.32522	0.97
2415.27142	0.9702
2413.21762	0.97035
2411.16382	0.97068
2409.11001	0.971
2407.05621	0.97099
2405.00241	0.97069
2402.94861	0.97049
2400.89481	0.9707
2398.841	0.97094
2396.7872	0.97083
2394.7334	0.97056
2392.6796	0.97054
2390.62579	0.97088
2388.57199	0.97107
2386.51819	0.97073
2384.46439	0.97045
2382.41059	0.97075
2380.35678	0.97135
2378.30298	0.97165
2376.24918	0.97136
2374.19538	0.97098
2372.14157	0.97102
2370.08777	0.97115
2368.03397	0.97086
2365.98017	0.97015
2363.92637	0.96953
2361.87256	0.96967
2359.81876	0.97055
2357.76496	0.97095
2355.71116	0.97083
2353.65735	0.97066
2351.60355	0.97013
2349.54975	0.9697
2347.49595	0.96986
2345.44215	0.97016
2343.38834	0.97005
2341.33454	0.97007
2339.28074	0.97006
2337.22694	0.96947
2335.17313	0.96904
2333.11933	0.96957
2331.06553	0.97017
2329.01173	0.9695
2326.95793	0.96853
2324.90412	0.96837
2322.85032	0.96869
2320.79652	0.96906
2318.74272	0.96919
2316.68891	0.96894
2314.63511	0.96863
2312.58131	0.9689
2310.52751	0.96987
2308.47371	0.9706
2306.4199	0.97054
2304.3661	0.97037
2302.3123	0.97047
2300.2585	0.97048
2298.20469	0.97012
2296.15089	0.96974
2294.09709	0.96972
2292.04329	0.96994
2289.98949	0.97016
2287.93568	0.97009
2285.88188	0.96997
2283.82808	0.97035
2281.77428	0.97084
2279.72047	0.97114
2277.66667	0.97147
2275.61287	0.97168
2273.55907	0.97165
2271.50527	0.97158
2269.45146	0.97166
2267.39766	0.97149
2265.34386	0.97105
2263.29006	0.97086
2261.23625	0.97084
2259.18245	0.97082
2257.12865	0.97108
2255.07485	0.97186
2253.02105	0.97258
2250.96724	0.97277
2248.91344	0.97266
2246.85964	0.97222
2244.80584	0.97132
2242.75203	0.97072
2240.69823	0.97067
2238.64443	0.9706
2236.59063	0.97077
2234.53683	0.97109
2232.48302	0.97111
2230.42922	0.97092
2228.37542	0.97083
2226.32162	0.97066
2224.26781	0.97026
2222.21401	0.97021
2220.16021	0.97024
2218.10641	0.97001
2216.0526	0.97023
2213.9988	0.97097
2211.945	0.97108
2209.8912	0.97055
2207.8374	0.97082
2205.78359	0.97211
2203.72979	0.97344
2201.67599	0.9745
2199.62219	0.97494
2197.56838	0.97459
2195.51458	0.97436
2193.46078	0.9742
2191.40698	0.97332
2189.35318	0.9722
2187.29937	0.97154
2185.24557	0.9711
2183.19177	0.97085
2181.13797	0.97128
2179.08416	0.97224
2177.03036	0.97278
2174.97656	0.97261
2172.92276	0.97253
2170.86896	0.97243
2168.81515	0.97137
2166.76135	0.97055
2164.70755	0.97157
2162.65375	0.97196
2160.59994	0.97028
2158.54614	0.97167
2156.49234	0.97622
2154.43854	0.97741
2152.38474	0.97569
2150.33093	0.97464
2148.27713	0.97481
2146.22333	0.97472
2144.16953	0.9736
2142.11572	0.97298
2140.06192	0.9739
2138.00812	0.97528
2135.95432	0.97555
2133.90052	0.97469
2131.84671	0.97404
2129.79291	0.97413
2127.73911	0.97434
2125.68531	0.97424
2123.6315	0.97383
2121.5777	0.97341
2119.5239	0.97321
2117.4701	0.9732
2115.4163	0.97314
2113.36249	0.97275
2111.30869	0.97236
2109.25489	0.97238
2107.20109	0.97263
2105.14728	0.97279
2103.09348	0.97307
2101.03968	0.97309
2098.98588	0.97242
2096.93208	0.97229
2094.87827	0.97288
2092.82447	0.9731
2090.77067	0.97294
2088.71687	0.97242
2086.66306	0.97185
2084.60926	0.97207
2082.55546	0.97229
2080.50166	0.97176
2078.44786	0.97089
2076.39405	0.97019
2074.34025	0.97054
2072.28645	0.97159
2070.23265	0.97177
2068.17884	0.97126
2066.12504	0.97165
2064.07124	0.97311
2062.01744	0.97422
2059.96364	0.97398
2057.90983	0.9724
2055.85603	0.97094
2053.80223	0.97094
2051.74843	0.97166
2049.69462	0.97224
2047.64082	0.9727
2045.58702	0.97321
2043.53322	0.97419
2041.47942	0.97446
2039.42561	0.97356
2037.37181	0.97357
2035.31801	0.97512
2033.26421	0.9765
2031.2104	0.97594
2029.1566	0.97389
2027.1028	0.97187
2025.049	0.97128
2022.9952	0.97242
2020.94139	0.97349
2018.88759	0.97361
2016.83379	0.97373
2014.77999	0.9738
2012.72618	0.97356
2010.67238	0.97415
2008.61858	0.97537
2006.56478	0.9761
2004.51098	0.97684
2002.45717	0.97749
2000.40337	0.97644
1998.34957	0.97403
1996.29577	0.97179
1994.24196	0.97042
1992.18816	0.97031
1990.13436	0.97022
1988.08056	0.96955
1986.02676	0.96986
1983.97295	0.97131
1981.91915	0.97172
1979.86535	0.97068
1977.81155	0.97091
1975.75774	0.97274
1973.70394	0.97402
1971.65014	0.9749
1969.59634	0.976
1967.54254	0.97603
1965.48873	0.9748
1963.43493	0.97391
1961.38113	0.97392
1959.32733	0.97484
1957.27352	0.97559
1955.21972	0.97543
1953.16592	0.97446
1951.11212	0.97283
1949.05832	0.97191
1947.00451	0.97225
1944.95071	0.9725
1942.89691	0.97205
1940.84311	0.97198
1938.7893	0.97274
1936.7355	0.97312
1934.6817	0.97272
1932.6279	0.97213
1930.5741	0.97182
1928.52029	0.97208
1926.46649	0.97264
1924.41269	0.97316
1922.35889	0.97344
1920.30508	0.97302
1918.25128	0.97231
1916.19748	0.97216
1914.14368	0.97236
1912.08988	0.97252
1910.03607	0.97224
1907.98227	0.97143
1905.92847	0.97126
1903.87467	0.97169
1901.82086	0.97148
1899.76706	0.97126
1897.71326	0.97169
1895.65946	0.97192
1893.60566	0.97169
1891.55185	0.97138
1889.49805	0.97153
1887.44425	0.97217
1885.39045	0.97241
1883.33664	0.97198
1881.28284	0.97148
1879.22904	0.97139
1877.17524	0.97186
1875.12143	0.97259
1873.06763	0.97291
1871.01383	0.97247
1868.96003	0.97157
1866.90623	0.97119
1864.85242	0.97148
1862.79862	0.9719
1860.74482	0.97218
1858.69102	0.97243
1856.63721	0.97264
1854.58341	0.97247
1852.52961	0.97203
1850.47581	0.97162
1848.42201	0.97114
1846.3682	0.97079
1844.3144	0.97106
1842.2606	0.97154
1840.2068	0.97162
1838.15299	0.9716
1836.09919	0.97179
1834.04539	0.97193
1831.99159	0.97173
1829.93779	0.97156
1827.88398	0.97194
1825.83018	0.97246
1823.77638	0.97238
1821.72258	0.97193
1819.66877	0.97164
1817.61497	0.9716
1815.56117	0.97169
1813.50737	0.9717
1811.45357	0.97154
1809.39976	0.97105
1807.34596	0.97036
1805.29216	0.97008
1803.23836	0.97026
1801.18455	0.97022
1799.13075	0.96969
1797.07695	0.9692
1795.02315	0.96899
1792.96935	0.96885
1790.91554	0.96848
1788.86174	0.96804
1786.80794	0.96773
1784.75414	0.96752
1782.70033	0.96728
1780.64653	0.967
1778.59273	0.96658
1776.53893	0.96592
1774.48513	0.96515
1772.43132	0.96455
1770.37752	0.96439
1768.32372	0.96442
1766.26992	0.96428
1764.21611	0.96378
1762.16231	0.96307
1760.10851	0.96244
1758.05471	0.96176
1756.00091	0.96083
1753.9471	0.95983
1751.8933	0.95861
1749.8395	0.95696
1747.7857	0.95537
1745.73189	0.95401
1743.67809	0.95265
1741.62429	0.95128
1739.57049	0.95006
1737.51669	0.94956
1735.46288	0.94969
1733.40908	0.94934
1731.35528	0.94846
1729.30148	0.94779
1727.24767	0.94707
1725.19387	0.94602
1723.14007	0.9448
1721.08627	0.94377
1719.03247	0.94255
1716.97866	0.94032
1714.92486	0.93818
1712.87106	0.93737
1710.81726	0.93741
1708.76345	0.93774
1706.70965	0.93816
1704.65585	0.93861
1702.60205	0.93894
1700.54825	0.93877
1698.49444	0.93798
1696.44064	0.93733
1694.38684	0.93703
1692.33304	0.93693
1690.27923	0.93659
1688.22543	0.93565
1686.17163	0.93437
1684.11783	0.93268
1682.06403	0.93108
1680.01022	0.93003
1677.95642	0.92904
1675.90262	0.92766
1673.84882	0.92601
1671.79501	0.92465
1669.74121	0.92306
1667.68741	0.92122
1665.63361	0.91991
1663.57981	0.91877
1661.526	0.91761
1659.4722	0.91663
1657.4184	0.91582
1655.3646	0.91525
1653.31079	0.91483
1651.25699	0.91467
1649.20319	0.9148
1647.14939	0.91483
1645.09559	0.91498
1643.04178	0.91539
1640.98798	0.91592
1638.93418	0.91661
1636.88038	0.91734
1634.82657	0.91803
1632.77277	0.91865
1630.71897	0.91918
1628.66517	0.91981
1626.61137	0.92071
1624.55756	0.92183
1622.50376	0.92308
1620.44996	0.92429
1618.39616	0.92539
1616.34235	0.92636
1614.28855	0.92702
1612.23475	0.9277
1610.18095	0.9285
1608.12715	0.92933
1606.07334	0.93017
1604.01954	0.93083
1601.96574	0.93113
1599.91194	0.9315
1597.85813	0.93211
1595.80433	0.93267
1593.75053	0.93311
1591.69673	0.93353
1589.64293	0.93397
1587.58912	0.93442
1585.53532	0.93486
1583.48152	0.93538
1581.42772	0.93591
1579.37391	0.93635
1577.32011	0.93662
1575.26631	0.93671
1573.21251	0.93697
1571.15871	0.93726
1569.1049	0.93739
1567.0511	0.93755
1564.9973	0.93763
1562.9435	0.93751
1560.88969	0.93723
1558.83589	0.93634
1556.78209	0.93533
1554.72829	0.93476
1552.67449	0.93425
1550.62068	0.93369
1548.56688	0.93316
1546.51308	0.93291
1544.45928	0.93304
1542.40547	0.93358
1540.35167	0.93435
1538.29787	0.93482
1536.24407	0.93504
1534.19026	0.93539
1532.13646	0.93603
1530.08266	0.93678
1528.02886	0.93762
1525.97506	0.93852
1523.92125	0.9392
1521.86745	0.93975
1519.81365	0.94043
1517.75985	0.94116
1515.70604	0.94201
1513.65224	0.9429
1511.59844	0.94371
1509.54464	0.94442
1507.49084	0.94521
1505.43703	0.94652
1503.38323	0.9477
1501.32943	0.94843
1499.27563	0.94894
1497.22182	0.94946
1495.16802	0.95003
1493.11422	0.95049
1491.06042	0.95069
1489.00662	0.95064
1486.95281	0.95038
1484.89901	0.94988
1482.84521	0.94882
1480.79141	0.94623
1478.7376	0.93914
1476.6838	0.9191
1474.63	0.87947
1472.5762	0.84171
1470.5224	0.84263
1468.46859	0.86394
1466.41479	0.87666
1464.36099	0.87255
1462.30719	0.86746
1460.25338	0.87627
1458.19958	0.89459
1456.14578	0.90946
1454.09198	0.91518
1452.03818	0.91823
1449.98437	0.92072
1447.93057	0.92242
1445.87677	0.92346
1443.82297	0.92413
1441.76916	0.92464
1439.71536	0.92519
1437.66156	0.92567
1435.60776	0.926
1433.55396	0.92637
1431.50015	0.92675
1429.44635	0.92689
1427.39255	0.92691
1425.33875	0.92697
1423.28494	0.92713
1421.23114	0.9271
1419.17734	0.92673
1417.12354	0.92631
1415.06974	0.92615
1413.01593	0.92608
1410.96213	0.92613
1408.90833	0.92644
1406.85453	0.92688
1404.80072	0.92761
1402.74692	0.92859
1400.69312	0.92937
1398.63932	0.92983
1396.58552	0.93011
1394.53171	0.93041
1392.47791	0.93075
1390.42411	0.931
1388.37031	0.93105
1386.3165	0.93089
1384.2627	0.93059
1382.2089	0.93014
1380.1551	0.92962
1378.1013	0.92929
1376.04749	0.92915
1373.99369	0.92921
1371.93989	0.92946
1369.88609	0.92985
1367.83228	0.93038
1365.77848	0.93092
1363.72468	0.93139
1361.67088	0.93196
1359.61708	0.9326
1357.56327	0.93309
1355.50947	0.93343
1353.45567	0.93369
1351.40187	0.93397
1349.34806	0.93426
1347.29426	0.93456
1345.24046	0.93497
1343.18666	0.93547
1341.13286	0.93588
1339.07905	0.93603
1337.02525	0.93608
1334.97145	0.93622
1332.91765	0.93633
1330.86384	0.93652
1328.81004	0.93673
1326.75624	0.93658
1324.70244	0.93604
1322.64864	0.93562
1320.59483	0.9355
1318.54103	0.93537
1316.48723	0.93503
1314.43343	0.93455
1312.37962	0.93417
1310.32582	0.93401
1308.27202	0.93391
1306.21822	0.93383
1304.16442	0.93386
1302.11061	0.93394
1300.05681	0.93386
1298.00301	0.93352
1295.94921	0.93323
1293.8954	0.93318
1291.8416	0.93308
1289.7878	0.9328
1287.734	0.93256
1285.6802	0.93237
1283.62639	0.93211
1281.57259	0.93181
1279.51879	0.93151
1277.46499	0.93117
1275.41118	0.93064
1273.35738	0.92991
1271.30358	0.92916
1269.24978	0.92837
1267.19598	0.9276
1265.14217	0.92696
1263.08837	0.92645
1261.03457	0.9259
1258.98077	0.92523
1256.92696	0.92458
1254.87316	0.92397
1252.81936	0.92341
1250.76556	0.92305
1248.71176	0.9228
1246.65795	0.9226
1244.60415	0.92248
1242.55035	0.92233
1240.49655	0.92224
1238.44274	0.92217
1236.38894	0.92198
1234.33514	0.92193
1232.28134	0.92205
1230.22754	0.92194
1228.17373	0.92173
1226.11993	0.92174
1224.06613	0.92177
1222.01233	0.92159
1219.95852	0.92128
1217.90472	0.921
1215.85092	0.92091
1213.79712	0.92089
1211.74332	0.92072
1209.68951	0.92052
1207.63571	0.92046
1205.58191	0.92031
1203.52811	0.91999
1201.4743	0.91971
1199.4205	0.91951
1197.3667	0.91927
1195.3129	0.9189
1193.25909	0.91848
1191.20529	0.91813
1189.15149	0.91783
1187.09769	0.91743
1185.04389	0.91682
1182.99008	0.91601
1180.93628	0.91499
1178.88248	0.91382
1176.82868	0.91266
1174.77487	0.91176
1172.72107	0.91102
1170.66727	0.91013
1168.61347	0.90907
1166.55967	0.90814
1164.50586	0.90733
1162.45206	0.90642
1160.39826	0.90557
1158.34446	0.9048
1156.29065	0.90408
1154.23685	0.90357
1152.18305	0.90325
1150.12925	0.90296
1148.07545	0.9027
1146.02164	0.90247
1143.96784	0.90205
1141.91404	0.90154
1139.86024	0.90113
1137.80643	0.9006
1135.75263	0.89972
1133.69883	0.89848
1131.64503	0.89689
1129.59123	0.89504
1127.53742	0.89309
1125.48362	0.89105
1123.42982	0.88891
1121.37602	0.88683
1119.32221	0.88483
1117.26841	0.8829
1115.21461	0.88128
1113.16081	0.87996
1111.10701	0.87858
1109.0532	0.87687
1106.9994	0.87501
1104.9456	0.87338
1102.8918	0.87195
1100.83799	0.87042
1098.78419	0.86877
1096.73039	0.86715
1094.67659	0.86563
1092.62279	0.86404
1090.56898	0.86217
1088.51518	0.86045
1086.46138	0.85934
1084.40758	0.85843
1082.35377	0.85714
1080.29997	0.85576
1078.24617	0.85475
1076.19237	0.85382
1074.13857	0.85272
1072.08476	0.85154
1070.03096	0.85028
1067.97716	0.84888
1065.92336	0.84742
1063.86955	0.84609
1061.81575	0.84458
1059.76195	0.84256
1057.70815	0.84019
1055.65435	0.83762
1053.60054	0.83496
1051.54674	0.8324
1049.49294	0.82995
1047.43914	0.82749
1045.38533	0.82507
1043.33153	0.82272
1041.27773	0.82042
1039.22393	0.81846
1037.17013	0.81702
1035.11632	0.81598
1033.06252	0.81551
1031.00872	0.81575
1028.95492	0.81643
1026.90111	0.8174
1024.84731	0.81854
1022.79351	0.8198
1020.73971	0.82125
1018.68591	0.8228
1016.6321	0.82445
1014.5783	0.82633
1012.5245	0.82835
1010.4707	0.83047
1008.41689	0.83287
1006.36309	0.83556
1004.30929	0.83841
1002.25549	0.84149
1000.20169	0.84504
998.14788	0.84893
996.09408	0.85258
994.04028	0.85592
991.98648	0.85953
989.93267	0.86323
987.87887	0.86657
985.82507	0.86991
983.77127	0.87326
981.71747	0.87632
979.66366	0.87925
977.60986	0.88216
975.55606	0.88486
973.50226	0.88735
971.44845	0.88977
969.39465	0.89206
967.34085	0.89413
965.28705	0.89607
963.23325	0.8977
961.17944	0.89894
959.12564	0.90006
957.07184	0.90123
955.01804	0.90238
952.96423	0.90343
950.91043	0.90445
948.85663	0.90549
946.80283	0.90641
944.74903	0.90719
942.69522	0.90781
940.64142	0.90821
938.58762	0.90846
936.53382	0.90874
934.48001	0.90896
932.42621	0.90897
930.37241	0.90888
928.31861	0.9088
926.26481	0.9086
924.211	0.9083
922.1572	0.90777
920.1034	0.90693
918.0496	0.90595
915.99579	0.90498
913.94199	0.90409
911.88819	0.90339
909.83439	0.90313
907.78059	0.90362
905.72678	0.90487
903.67298	0.90642
901.61918	0.90827
899.56538	0.91061
897.51157	0.91259
895.45777	0.91355
893.40397	0.91391
891.35017	0.91438
889.29637	0.91517
887.24256	0.91601
885.18876	0.91673
883.13496	0.91716
881.08116	0.91738
879.02735	0.91761
876.97355	0.91769
874.91975	0.91796
872.86595	0.91877
870.81215	0.91925
868.75834	0.91928
866.70454	0.9197
864.65074	0.92032
862.59694	0.92061
860.54313	0.92098
858.48933	0.92166
856.43553	0.92237
854.38173	0.92284
852.32792	0.92297
850.27412	0.92305
848.22032	0.92308
846.16652	0.92298
844.11272	0.92306
842.05891	0.92324
840.00511	0.92341
837.95131	0.92349
835.89751	0.92304
833.8437	0.92206
831.7899	0.92137
829.7361	0.92143
827.6823	0.92162
825.6285	0.92121
823.57469	0.92051
821.52089	0.91994
819.46709	0.9196
817.41329	0.91977
815.35948	0.92011
813.30568	0.91994
811.25188	0.91912
809.19808	0.91792
807.14428	0.91702
805.09047	0.91648
803.03667	0.91589
800.98287	0.9156
798.92907	0.91579
796.87526	0.9158
794.82146	0.91549
792.76766	0.91509
790.71386	0.91489
788.66006	0.91509
786.60625	0.91493
784.55245	0.91408
782.49865	0.91353
780.44485	0.91376
778.39104	0.91434
776.33724	0.91453
774.28344	0.91426
772.22964	0.91423
770.17584	0.91469
768.12203	0.91516
766.06823	0.9153
764.01443	0.91527
761.96063	0.91503
759.90682	0.91437
757.85302	0.91376
755.79922	0.91337
753.74542	0.91305
751.69162	0.91307
749.63781	0.91339
747.58401	0.9137
745.53021	0.9136
743.47641	0.91303
741.4226	0.91271
739.3688	0.91245
737.315	0.91056
735.2612	0.90282
733.2074	0.88398
731.15359	0.86259
729.09979	0.85806
727.04599	0.86891
724.99219	0.87577
722.93838	0.86654
720.88458	0.83965
718.83078	0.80975
716.77698	0.79903
714.72318	0.81255
712.66937	0.8375
710.61557	0.858
708.56177	0.86934
706.50797	0.87512
704.45416	0.87805
702.40036	0.87972
700.34656	0.88121
698.29276	0.88209
696.23896	0.8822
694.18515	0.88255
692.13135	0.88331
690.07755	0.88371
688.02375	0.88341
685.96994	0.88285
683.91614	0.88249
681.86234	0.88215
679.80854	0.88185
677.75474	0.88197
675.70093	0.8822
673.64713	0.88191
671.59333	0.88111
669.53953	0.88007
667.48572	0.87949
665.43192	0.87976
663.37812	0.87958
661.32432	0.87914
659.27052	0.8791
657.21671	0.87923
655.16291	0.87888
653.10911	0.87812
651.05531	0.878
649.0015	0.87812
646.9477	0.87751
644.8939	0.87719
642.8401	0.87744
640.7863	0.8771
638.73249	0.87658
636.67869	0.87659
634.62489	0.8764
632.57109	0.87607
630.51728	0.87601
628.46348	0.87552
626.40968	0.87432
624.35588	0.87367
622.30208	0.87374
620.24827	0.87308
618.19447	0.8712
616.14067	0.86952
614.08687	0.86922
612.03306	0.86912
609.97926	0.86818
607.92546	0.86685
605.87166	0.8655
603.81786	0.86442
601.76405	0.86377
599.71025	0.8629
597.65645	0.86181
595.60265	0.86118
593.54884	0.86059
591.49504	0.85948
589.44124	0.85922
587.38744	0.86017
585.33364	0.86003
583.27983	0.85834
581.22603	0.85671
579.17223	0.85593
577.11843	0.85606
575.06462	0.85634
573.01082	0.85533
570.95702	0.8531
568.90322	0.85119
566.84942	0.84995
564.79561	0.84903
562.74181	0.8483
560.68801	0.84739
558.63421	0.84631
556.5804	0.84561
554.5266	0.8451
552.4728	0.8442
550.419	0.84273
548.3652	0.84093
546.31139	0.8401
544.25759	0.84037
542.20379	0.83953
540.14999	0.83731
538.09618	0.83539
536.04238	0.8344
533.98858	0.83421
531.93478	0.8345
529.88098	0.83499
527.82717	0.83555
525.77337	0.83656
523.71957	0.83825
521.66577	0.83948
519.61196	0.84015
517.55816	0.84176
515.50436	0.84359
513.45056	0.84429
511.39675	0.84519
509.34295	0.84713
507.28915	0.84923
505.23535	0.85049
503.18155	0.85066
501.12774	0.85028
499.07394	0.85011
497.02014	0.8502
494.96634	0.85042
492.91253	0.85004
490.85873	0.84808
488.80493	0.84562
486.75113	0.84364
484.69733	0.84191
482.64352	0.83938
480.58972	0.83584
478.53592	0.83289
476.48212	0.82911
474.42831	0.82363
472.37451	0.81929
470.32071	0.8168
468.26691	0.81657
466.21311	0.81958
464.1593	0.82296
462.1055	0.82476
460.0517	0.82642
457.9979	0.82964
455.94409	0.83364
453.89029	0.83542
451.83649	0.83579
449.78269	0.83764
447.72889	0.84003
445.67508	0.84044
443.62128	0.83969
441.56748	0.83859
439.51368	0.83555
437.45987	0.83243
435.40607	0.83111
433.35227	0.83161
431.29847	0.83465
429.24467	0.83614
427.19086	0.83439
425.13706	0.83421
423.08326	0.83564
421.02946	0.83739
418.97565	0.84219
416.92185	0.84661
414.86805	0.84718
412.81425	0.84584
410.76045	0.84505
408.70664	0.84988
406.65284	0.85741
404.59904	0.85935
402.54524	0.85779
400.49143	0.85737
398.43763	0.85883
KMeans Clustering	10.0
Spectral Clustering	9.0
Agglomerative Clustering	1.0
