Numero de onda	Muestra 349
3996.69914	0.97582
3994.64534	0.97587
3992.59153	0.97625
3990.53773	0.97664
3988.48393	0.97665
3986.43013	0.97627
3984.37632	0.97563
3982.32252	0.97524
3980.26872	0.9754
3978.21492	0.97573
3976.16112	0.97599
3974.10731	0.97625
3972.05351	0.97624
3969.99971	0.97571
3967.94591	0.9752
3965.8921	0.97538
3963.8383	0.97593
3961.7845	0.97635
3959.7307	0.9765
3957.6769	0.97626
3955.62309	0.97588
3953.56929	0.97591
3951.51549	0.9761
3949.46169	0.97595
3947.40788	0.97578
3945.35408	0.97585
3943.30028	0.97586
3941.24648	0.97573
3939.19268	0.97571
3937.13887	0.97596
3935.08507	0.97614
3933.03127	0.97617
3930.97747	0.9762
3928.92366	0.9761
3926.86986	0.97601
3924.81606	0.97587
3922.76226	0.97555
3920.70845	0.97541
3918.65465	0.97552
3916.60085	0.97546
3914.54705	0.97515
3912.49325	0.97511
3910.43944	0.97542
3908.38564	0.97566
3906.33184	0.97555
3904.27804	0.97545
3902.22423	0.97584
3900.17043	0.97624
3898.11663	0.9762
3896.06283	0.97626
3894.00903	0.9766
3891.95522	0.97662
3889.90142	0.97648
3887.84762	0.97662
3885.79382	0.97673
3883.74001	0.9768
3881.68621	0.97686
3879.63241	0.97663
3877.57861	0.97623
3875.52481	0.97597
3873.471	0.97602
3871.4172	0.97632
3869.3634	0.97652
3867.3096	0.97641
3865.25579	0.97633
3863.20199	0.97627
3861.14819	0.97609
3859.09439	0.97608
3857.04059	0.97615
3854.98678	0.97584
3852.93298	0.97511
3850.87918	0.97519
3848.82538	0.97603
3846.77157	0.97661
3844.71777	0.97659
3842.66397	0.97662
3840.61017	0.9767
3838.55637	0.97623
3836.50256	0.97584
3834.44876	0.97623
3832.39496	0.9769
3830.34116	0.9774
3828.28735	0.97746
3826.23355	0.97712
3824.17975	0.97678
3822.12595	0.97693
3820.07215	0.97741
3818.01834	0.97749
3815.96454	0.97705
3813.91074	0.97655
3811.85694	0.9765
3809.80313	0.97684
3807.74933	0.9771
3805.69553	0.97679
3803.64173	0.97648
3801.58793	0.97689
3799.53412	0.97733
3797.48032	0.977
3795.42652	0.97624
3793.37272	0.97592
3791.31891	0.97632
3789.26511	0.97698
3787.21131	0.97743
3785.15751	0.97741
3783.10371	0.97725
3781.0499	0.97732
3778.9961	0.97726
3776.9423	0.97681
3774.8885	0.97638
3772.83469	0.97627
3770.78089	0.9765
3768.72709	0.97681
3766.67329	0.97695
3764.61949	0.9769
3762.56568	0.97683
3760.51188	0.9769
3758.45808	0.97702
3756.40428	0.97718
3754.35047	0.97745
3752.29667	0.97762
3750.24287	0.97737
3748.18907	0.97723
3746.13527	0.97722
3744.08146	0.97696
3742.02766	0.97686
3739.97386	0.977
3737.92006	0.97704
3735.86625	0.97669
3733.81245	0.97638
3731.75865	0.97663
3729.70485	0.97691
3727.65105	0.97702
3725.59724	0.97705
3723.54344	0.97685
3721.48964	0.97642
3719.43584	0.9759
3717.38203	0.9753
3715.32823	0.97471
3713.27443	0.97377
3711.22063	0.97206
3709.16683	0.97059
3707.11302	0.96979
3705.05922	0.96903
3703.00542	0.96811
3700.95162	0.96672
3698.89781	0.96523
3696.84401	0.96442
3694.79021	0.96423
3692.73641	0.96447
3690.68261	0.96491
3688.6288	0.96509
3686.575	0.9654
3684.5212	0.96621
3682.4674	0.9668
3680.41359	0.96666
3678.35979	0.96612
3676.30599	0.96542
3674.25219	0.96491
3672.19839	0.96476
3670.14458	0.9647
3668.09078	0.96463
3666.03698	0.9646
3663.98318	0.96447
3661.92937	0.96405
3659.87557	0.96353
3657.82177	0.96304
3655.76797	0.96234
3653.71417	0.96171
3651.66036	0.96138
3649.60656	0.96049
3647.55276	0.95905
3645.49896	0.95836
3643.44515	0.95824
3641.39135	0.95804
3639.33755	0.95728
3637.28375	0.95609
3635.22995	0.95479
3633.17614	0.95355
3631.12234	0.95261
3629.06854	0.95201
3627.01474	0.95171
3624.96093	0.95146
3622.90713	0.95102
3620.85333	0.95057
3618.79953	0.95048
3616.74573	0.95084
3614.69192	0.95147
3612.63812	0.95212
3610.58432	0.95249
3608.53052	0.95256
3606.47671	0.95255
3604.42291	0.95263
3602.36911	0.95286
3600.31531	0.9533
3598.26151	0.95383
3596.2077	0.9542
3594.1539	0.95421
3592.1001	0.95391
3590.0463	0.95346
3587.99249	0.95303
3585.93869	0.95292
3583.88489	0.95307
3581.83109	0.95322
3579.77728	0.95329
3577.72348	0.95324
3575.66968	0.95295
3573.61588	0.95262
3571.56208	0.95249
3569.50827	0.95241
3567.45447	0.95193
3565.40067	0.95116
3563.34687	0.95094
3561.29306	0.95114
3559.23926	0.95128
3557.18546	0.95131
3555.13166	0.95119
3553.07786	0.95081
3551.02405	0.95021
3548.97025	0.94956
3546.91645	0.9492
3544.86265	0.94925
3542.80884	0.94931
3540.75504	0.94924
3538.70124	0.94914
3536.64744	0.94898
3534.59364	0.94862
3532.53983	0.94818
3530.48603	0.94782
3528.43223	0.94751
3526.37843	0.94738
3524.32462	0.94749
3522.27082	0.94751
3520.21702	0.9472
3518.16322	0.9468
3516.10942	0.94663
3514.05561	0.94655
3512.00181	0.94634
3509.94801	0.9462
3507.89421	0.94602
3505.8404	0.9455
3503.7866	0.9449
3501.7328	0.94463
3499.679	0.94463
3497.6252	0.94463
3495.57139	0.94435
3493.51759	0.94386
3491.46379	0.94372
3489.40999	0.94392
3487.35618	0.94383
3485.30238	0.94343
3483.24858	0.94324
3481.19478	0.94317
3479.14098	0.94271
3477.08717	0.94201
3475.03337	0.94161
3472.97957	0.94142
3470.92577	0.94131
3468.87196	0.94127
3466.81816	0.9412
3464.76436	0.94104
3462.71056	0.94075
3460.65676	0.94044
3458.60295	0.9402
3456.54915	0.93999
3454.49535	0.9398
3452.44155	0.9395
3450.38774	0.93899
3448.33394	0.93853
3446.28014	0.93829
3444.22634	0.93811
3442.17254	0.93784
3440.11873	0.9376
3438.06493	0.93748
3436.01113	0.9374
3433.95733	0.93753
3431.90352	0.93776
3429.84972	0.93749
3427.79592	0.93701
3425.74212	0.93686
3423.68832	0.93689
3421.63451	0.9369
3419.58071	0.93675
3417.52691	0.93631
3415.47311	0.93598
3413.4193	0.93603
3411.3655	0.93596
3409.3117	0.93575
3407.2579	0.93588
3405.2041	0.93609
3403.15029	0.93578
3401.09649	0.93501
3399.04269	0.93453
3396.98889	0.93467
3394.93508	0.93503
3392.88128	0.93518
3390.82748	0.93509
3388.77368	0.93497
3386.71988	0.93509
3384.66607	0.93534
3382.61227	0.93529
3380.55847	0.93511
3378.50467	0.93507
3376.45086	0.93509
3374.39706	0.93514
3372.34326	0.93523
3370.28946	0.93524
3368.23566	0.93506
3366.18185	0.93465
3364.12805	0.93437
3362.07425	0.93467
3360.02045	0.93535
3357.96664	0.93571
3355.91284	0.93576
3353.85904	0.93572
3351.80524	0.93553
3349.75144	0.93544
3347.69763	0.93549
3345.64383	0.93553
3343.59003	0.93557
3341.53623	0.93577
3339.48242	0.93607
3337.42862	0.93611
3335.37482	0.936
3333.32102	0.93612
3331.26722	0.93637
3329.21341	0.93625
3327.15961	0.93584
3325.10581	0.93563
3323.05201	0.93579
3320.9982	0.93626
3318.9444	0.93672
3316.8906	0.93688
3314.8368	0.93669
3312.783	0.93625
3310.72919	0.93589
3308.67539	0.93608
3306.62159	0.93666
3304.56779	0.93685
3302.51398	0.93658
3300.46018	0.93652
3298.40638	0.9367
3296.35258	0.93672
3294.29878	0.93686
3292.24497	0.93716
3290.19117	0.93725
3288.13737	0.93729
3286.08357	0.93744
3284.02976	0.93763
3281.97596	0.93781
3279.92216	0.93784
3277.86836	0.93785
3275.81456	0.93793
3273.76075	0.93798
3271.70695	0.9382
3269.65315	0.93864
3267.59935	0.93901
3265.54554	0.93936
3263.49174	0.93977
3261.43794	0.94008
3259.38414	0.94025
3257.33034	0.9404
3255.27653	0.94051
3253.22273	0.94071
3251.16893	0.94099
3249.11513	0.94118
3247.06132	0.94145
3245.00752	0.94193
3242.95372	0.94229
3240.89992	0.94256
3238.84611	0.94277
3236.79231	0.94287
3234.73851	0.94304
3232.68471	0.94325
3230.63091	0.94355
3228.5771	0.94404
3226.5233	0.94442
3224.4695	0.94446
3222.4157	0.94448
3220.36189	0.94483
3218.30809	0.94532
3216.25429	0.94549
3214.20049	0.94565
3212.14669	0.94605
3210.09288	0.94638
3208.03908	0.94665
3205.98528	0.94694
3203.93148	0.94723
3201.87767	0.94754
3199.82387	0.94775
3197.77007	0.94787
3195.71627	0.94801
3193.66247	0.94815
3191.60866	0.94842
3189.55486	0.94885
3187.50106	0.94919
3185.44726	0.94941
3183.39345	0.94964
3181.33965	0.94997
3179.28585	0.95057
3177.23205	0.95121
3175.17825	0.95147
3173.12444	0.95151
3171.07064	0.95163
3169.01684	0.95188
3166.96304	0.95223
3164.90923	0.95257
3162.85543	0.95287
3160.80163	0.9532
3158.74783	0.95346
3156.69403	0.95357
3154.64022	0.95373
3152.58642	0.95393
3150.53262	0.9541
3148.47882	0.9543
3146.42501	0.95454
3144.37121	0.95482
3142.31741	0.95519
3140.26361	0.95551
3138.20981	0.95578
3136.156	0.95617
3134.1022	0.95639
3132.0484	0.95634
3129.9946	0.95638
3127.94079	0.95662
3125.88699	0.95693
3123.83319	0.95712
3121.77939	0.95725
3119.72559	0.95754
3117.67178	0.9578
3115.61798	0.95785
3113.56418	0.9579
3111.51038	0.95806
3109.45657	0.95809
3107.40277	0.95813
3105.34897	0.95834
3103.29517	0.95848
3101.24137	0.95854
3099.18756	0.9586
3097.13376	0.95859
3095.07996	0.95846
3093.02616	0.95842
3090.97235	0.95869
3088.91855	0.95913
3086.86475	0.95934
3084.81095	0.95923
3082.75715	0.95908
3080.70334	0.95905
3078.64954	0.95911
3076.59574	0.95905
3074.54194	0.959
3072.48813	0.95917
3070.43433	0.95945
3068.38053	0.95965
3066.32673	0.95985
3064.27293	0.96022
3062.21912	0.96068
3060.16532	0.96075
3058.11152	0.96048
3056.05772	0.96034
3054.00391	0.9603
3051.95011	0.96022
3049.89631	0.96033
3047.84251	0.9606
3045.78871	0.96078
3043.7349	0.96093
3041.6811	0.96119
3039.6273	0.96142
3037.5735	0.96145
3035.51969	0.96138
3033.46589	0.96131
3031.41209	0.96133
3029.35829	0.96147
3027.30449	0.96163
3025.25068	0.96177
3023.19688	0.96173
3021.14308	0.96153
3019.08928	0.96154
3017.03547	0.96174
3014.98167	0.96186
3012.92787	0.96178
3010.87407	0.96153
3008.82027	0.96141
3006.76646	0.96153
3004.71266	0.96156
3002.65886	0.96125
3000.60506	0.96082
2998.55125	0.96047
2996.49745	0.96017
2994.44365	0.95984
2992.38985	0.95949
2990.33605	0.95906
2988.28224	0.95833
2986.22844	0.95731
2984.17464	0.95621
2982.12084	0.95494
2980.06703	0.95335
2978.01323	0.95143
2975.95943	0.9492
2973.90563	0.94656
2971.85183	0.94345
2969.79802	0.94005
2967.74422	0.93629
2965.69042	0.93222
2963.63662	0.92804
2961.58281	0.92374
2959.52901	0.9197
2957.47521	0.91653
2955.42141	0.914
2953.36761	0.91161
2951.3138	0.90913
2949.26	0.90592
2947.2062	0.90097
2945.1524	0.89353
2943.09859	0.88319
2941.04479	0.86983
2938.99099	0.85363
2936.93719	0.83516
2934.88339	0.81458
2932.82958	0.79146
2930.77578	0.76527
2928.72198	0.73537
2926.66818	0.70115
2924.61437	0.66207
2922.56057	0.61833
2920.50677	0.57268
2918.45297	0.53188
2916.39917	0.50613
2914.34536	0.50432
2912.29156	0.52605
2910.23776	0.56138
2908.18396	0.59922
2906.13015	0.63314
2904.07635	0.66101
2902.02255	0.6832
2899.96875	0.70146
2897.91494	0.7175
2895.86114	0.73229
2893.80734	0.74649
2891.75354	0.76068
2889.69974	0.77508
2887.64593	0.7894
2885.59213	0.80315
2883.53833	0.81605
2881.48453	0.82806
2879.43072	0.83906
2877.37692	0.84863
2875.32312	0.85603
2873.26932	0.86104
2871.21552	0.86396
2869.16171	0.86486
2867.10791	0.86308
2865.05411	0.85739
2863.00031	0.84645
2860.9465	0.82898
2858.8927	0.8031
2856.8389	0.76566
2854.7851	0.71373
2852.7313	0.64893
2850.67749	0.58532
2848.62369	0.55031
2846.56989	0.56289
2844.51609	0.61389
2842.46228	0.67837
2840.40848	0.73768
2838.35468	0.78485
2836.30088	0.82007
2834.24708	0.84596
2832.19327	0.86497
2830.13947	0.87924
2828.08567	0.89041
2826.03187	0.89931
2823.97806	0.90642
2821.92426	0.91213
2819.87046	0.91685
2817.81666	0.9208
2815.76286	0.92409
2813.70905	0.92703
2811.65525	0.92982
2809.60145	0.93238
2807.54765	0.93464
2805.49384	0.93652
2803.44004	0.93807
2801.38624	0.93966
2799.33244	0.94146
2797.27864	0.94315
2795.22483	0.94436
2793.17103	0.94538
2791.11723	0.94661
2789.06343	0.94792
2787.00962	0.94905
2784.95582	0.94995
2782.90202	0.95067
2780.84822	0.95145
2778.79442	0.95238
2776.74061	0.95332
2774.68681	0.95412
2772.63301	0.95476
2770.57921	0.95534
2768.5254	0.95588
2766.4716	0.95633
2764.4178	0.95681
2762.364	0.95729
2760.3102	0.9577
2758.25639	0.95815
2756.20259	0.95855
2754.14879	0.95877
2752.09499	0.95886
2750.04118	0.95902
2747.98738	0.95924
2745.93358	0.95929
2743.87978	0.95919
2741.82598	0.95917
2739.77217	0.95935
2737.71837	0.95968
2735.66457	0.95996
2733.61077	0.96021
2731.55696	0.96047
2729.50316	0.96059
2727.44936	0.9607
2725.39556	0.96098
2723.34176	0.96143
2721.28795	0.96189
2719.23415	0.96201
2717.18035	0.96194
2715.12655	0.96221
2713.07274	0.96269
2711.01894	0.96291
2708.96514	0.96296
2706.91134	0.96299
2704.85754	0.96298
2702.80373	0.9631
2700.74993	0.96337
2698.69613	0.96354
2696.64233	0.96369
2694.58852	0.964
2692.53472	0.96422
2690.48092	0.96414
2688.42712	0.96397
2686.37332	0.96395
2684.31951	0.96398
2682.26571	0.964
2680.21191	0.96415
2678.15811	0.96424
2676.1043	0.96432
2674.0505	0.96446
2671.9967	0.96439
2669.9429	0.96412
2667.8891	0.96393
2665.83529	0.96401
2663.78149	0.96423
2661.72769	0.96432
2659.67389	0.96424
2657.62008	0.9642
2655.56628	0.96426
2653.51248	0.9643
2651.45868	0.96433
2649.40488	0.96452
2647.35107	0.96473
2645.29727	0.96472
2643.24347	0.96459
2641.18967	0.96446
2639.13586	0.96443
2637.08206	0.96445
2635.02826	0.96443
2632.97446	0.96449
2630.92066	0.96489
2628.86685	0.96535
2626.81305	0.96556
2624.75925	0.96574
2622.70545	0.96608
2620.65164	0.96653
2618.59784	0.96693
2616.54404	0.96722
2614.49024	0.96751
2612.43644	0.96792
2610.38263	0.96818
2608.32883	0.96811
2606.27503	0.968
2604.22123	0.96811
2602.16742	0.96857
2600.11362	0.96925
2598.05982	0.96968
2596.00602	0.96978
2593.95222	0.96974
2591.89841	0.96965
2589.84461	0.96981
2587.79081	0.97012
2585.73701	0.97031
2583.6832	0.97055
2581.6294	0.97099
2579.5756	0.97136
2577.5218	0.9715
2575.468	0.9716
2573.41419	0.97175
2571.36039	0.97185
2569.30659	0.97186
2567.25279	0.97178
2565.19898	0.97184
2563.14518	0.97204
2561.09138	0.9719
2559.03758	0.97148
2556.98377	0.97142
2554.92997	0.97164
2552.87617	0.97171
2550.82237	0.97177
2548.76857	0.97207
2546.71476	0.97255
2544.66096	0.97271
2542.60716	0.97254
2540.55336	0.9726
2538.49955	0.97275
2536.44575	0.97272
2534.39195	0.97282
2532.33815	0.97307
2530.28435	0.97324
2528.23054	0.97325
2526.17674	0.97307
2524.12294	0.97295
2522.06914	0.97309
2520.01533	0.97327
2517.96153	0.97318
2515.90773	0.97304
2513.85393	0.97325
2511.80013	0.97372
2509.74632	0.97394
2507.69252	0.974
2505.63872	0.97442
2503.58492	0.97481
2501.53111	0.97456
2499.47731	0.97422
2497.42351	0.97453
2495.36971	0.97508
2493.31591	0.97523
2491.2621	0.97509
2489.2083	0.97525
2487.1545	0.97587
2485.1007	0.97635
2483.04689	0.97626
2480.99309	0.97598
2478.93929	0.97588
2476.88549	0.97575
2474.83169	0.97575
2472.77788	0.97606
2470.72408	0.97611
2468.67028	0.9757
2466.61648	0.97535
2464.56267	0.9754
2462.50887	0.97581
2460.45507	0.97624
2458.40127	0.97637
2456.34747	0.97627
2454.29366	0.97615
2452.23986	0.97625
2450.18606	0.97631
2448.13226	0.97607
2446.07845	0.97605
2444.02465	0.97614
2441.97085	0.9761
2439.91705	0.9763
2437.86325	0.97678
2435.80944	0.97702
2433.75564	0.97669
2431.70184	0.97619
2429.64804	0.9761
2427.59423	0.97635
2425.54043	0.97659
2423.48663	0.97678
2421.43283	0.9768
2419.37903	0.97641
2417.32522	0.97606
2415.27142	0.97611
2413.21762	0.97626
2411.16382	0.9765
2409.11001	0.97686
2407.05621	0.97709
2405.00241	0.97688
2402.94861	0.9763
2400.89481	0.97605
2398.841	0.97635
2396.7872	0.97684
2394.7334	0.97711
2392.6796	0.977
2390.62579	0.97687
2388.57199	0.97703
2386.51819	0.97736
2384.46439	0.97747
2382.41059	0.97716
2380.35678	0.97665
2378.30298	0.97632
2376.24918	0.97624
2374.19538	0.97628
2372.14157	0.97669
2370.08777	0.97738
2368.03397	0.97752
2365.98017	0.97722
2363.92637	0.97697
2361.87256	0.97657
2359.81876	0.97639
2357.76496	0.97663
2355.71116	0.97649
2353.65735	0.9762
2351.60355	0.97604
2349.54975	0.97549
2347.49595	0.97487
2345.44215	0.97484
2343.38834	0.97523
2341.33454	0.97556
2339.28074	0.97563
2337.22694	0.9756
2335.17313	0.97592
2333.11933	0.97639
2331.06553	0.97651
2329.01173	0.97618
2326.95793	0.97535
2324.90412	0.97462
2322.85032	0.97449
2320.79652	0.97447
2318.74272	0.97446
2316.68891	0.97466
2314.63511	0.97503
2312.58131	0.97541
2310.52751	0.97556
2308.47371	0.97573
2306.4199	0.97611
2304.3661	0.97634
2302.3123	0.97634
2300.2585	0.97617
2298.20469	0.97571
2296.15089	0.9751
2294.09709	0.97463
2292.04329	0.97471
2289.98949	0.97517
2287.93568	0.97532
2285.88188	0.97519
2283.82808	0.97564
2281.77428	0.97692
2279.72047	0.97786
2277.66667	0.97774
2275.61287	0.97744
2273.55907	0.97739
2271.50527	0.97733
2269.45146	0.97752
2267.39766	0.97815
2265.34386	0.97892
2263.29006	0.97932
2261.23625	0.97947
2259.18245	0.97986
2257.12865	0.98009
2255.07485	0.97961
2253.02105	0.97869
2250.96724	0.97791
2248.91344	0.97758
2246.85964	0.9778
2244.80584	0.97807
2242.75203	0.9781
2240.69823	0.97877
2238.64443	0.9797
2236.59063	0.97937
2234.53683	0.97839
2232.48302	0.97863
2230.42922	0.98001
2228.37542	0.98043
2226.32162	0.9795
2224.26781	0.97859
2222.21401	0.97822
2220.16021	0.97845
2218.10641	0.97832
2216.0526	0.97725
2213.9988	0.97688
2211.945	0.97811
2209.8912	0.98008
2207.8374	0.98104
2205.78359	0.98016
2203.72979	0.97945
2201.67599	0.98084
2199.62219	0.98277
2197.56838	0.98266
2195.51458	0.98099
2193.46078	0.98018
2191.40698	0.98077
2189.35318	0.98108
2187.29937	0.98087
2185.24557	0.98067
2183.19177	0.98031
2181.13797	0.98064
2179.08416	0.98154
2177.03036	0.98139
2174.97656	0.9801
2172.92276	0.97946
2170.86896	0.98012
2168.81515	0.98108
2166.76135	0.98228
2164.70755	0.98298
2162.65375	0.98226
2160.59994	0.98231
2158.54614	0.98434
2156.49234	0.98558
2154.43854	0.98534
2152.38474	0.98499
2150.33093	0.98433
2148.27713	0.98322
2146.22333	0.98229
2144.16953	0.98183
2142.11572	0.98178
2140.06192	0.98147
2138.00812	0.98093
2135.95432	0.98164
2133.90052	0.98343
2131.84671	0.98409
2129.79291	0.98328
2127.73911	0.98207
2125.68531	0.98083
2123.6315	0.98007
2121.5777	0.98063
2119.5239	0.98143
2117.4701	0.98082
2115.4163	0.97986
2113.36249	0.97995
2111.30869	0.98038
2109.25489	0.98036
2107.20109	0.98043
2105.14728	0.98027
2103.09348	0.97944
2101.03968	0.97909
2098.98588	0.97963
2096.93208	0.98008
2094.87827	0.98028
2092.82447	0.981
2090.77067	0.98146
2088.71687	0.98087
2086.66306	0.97988
2084.60926	0.97925
2082.55546	0.97942
2080.50166	0.97985
2078.44786	0.97991
2076.39405	0.97981
2074.34025	0.97989
2072.28645	0.98008
2070.23265	0.97982
2068.17884	0.97889
2066.12504	0.97832
2064.07124	0.97902
2062.01744	0.98035
2059.96364	0.98145
2057.90983	0.98197
2055.85603	0.98194
2053.80223	0.9815
2051.74843	0.98046
2049.69462	0.9794
2047.64082	0.97926
2045.58702	0.97955
2043.53322	0.97971
2041.47942	0.98033
2039.42561	0.98153
2037.37181	0.98203
2035.31801	0.98087
2033.26421	0.97968
2031.2104	0.98047
2029.1566	0.98193
2027.1028	0.9824
2025.049	0.98221
2022.9952	0.9814
2020.94139	0.98116
2018.88759	0.98233
2016.83379	0.9828
2014.77999	0.98217
2012.72618	0.98176
2010.67238	0.98204
2008.61858	0.98248
2006.56478	0.98189
2004.51098	0.98052
2002.45717	0.97901
2000.40337	0.97806
1998.34957	0.97861
1996.29577	0.97997
1994.24196	0.98116
1992.18816	0.98177
1990.13436	0.98091
1988.08056	0.97954
1986.02676	0.97972
1983.97295	0.98113
1981.91915	0.98247
1979.86535	0.98306
1977.81155	0.98348
1975.75774	0.98409
1973.70394	0.98359
1971.65014	0.98279
1969.59634	0.98358
1967.54254	0.98468
1965.48873	0.98438
1963.43493	0.98367
1961.38113	0.98335
1959.32733	0.98293
1957.27352	0.98219
1955.21972	0.9815
1953.16592	0.9813
1951.11212	0.98149
1949.05832	0.98174
1947.00451	0.98166
1944.95071	0.98151
1942.89691	0.98216
1940.84311	0.98266
1938.7893	0.9817
1936.7355	0.98033
1934.6817	0.97995
1932.6279	0.98014
1930.5741	0.9802
1928.52029	0.98045
1926.46649	0.98078
1924.41269	0.981
1922.35889	0.98092
1920.30508	0.98019
1918.25128	0.97953
1916.19748	0.97969
1914.14368	0.97992
1912.08988	0.97971
1910.03607	0.97949
1907.98227	0.97928
1905.92847	0.97903
1903.87467	0.97918
1901.82086	0.97963
1899.76706	0.97987
1897.71326	0.97994
1895.65946	0.97991
1893.60566	0.97953
1891.55185	0.97914
1889.49805	0.97913
1887.44425	0.97915
1885.39045	0.9789
1883.33664	0.97864
1881.28284	0.97866
1879.22904	0.97862
1877.17524	0.9783
1875.12143	0.97822
1873.06763	0.9784
1871.01383	0.97849
1868.96003	0.97867
1866.90623	0.97893
1864.85242	0.97909
1862.79862	0.97928
1860.74482	0.97942
1858.69102	0.97946
1856.63721	0.9794
1854.58341	0.97927
1852.52961	0.97922
1850.47581	0.97917
1848.42201	0.97896
1846.3682	0.97856
1844.3144	0.97825
1842.2606	0.97828
1840.2068	0.97839
1838.15299	0.97846
1836.09919	0.97847
1834.04539	0.97841
1831.99159	0.97831
1829.93779	0.97796
1827.88398	0.97762
1825.83018	0.97749
1823.77638	0.97719
1821.72258	0.977
1819.66877	0.9771
1817.61497	0.9772
1815.56117	0.97723
1813.50737	0.97717
1811.45357	0.9769
1809.39976	0.97642
1807.34596	0.97588
1805.29216	0.97541
1803.23836	0.97505
1801.18455	0.97443
1799.13075	0.97345
1797.07695	0.97264
1795.02315	0.97224
1792.96935	0.97179
1790.91554	0.97111
1788.86174	0.97058
1786.80794	0.97019
1784.75414	0.96984
1782.70033	0.96961
1780.64653	0.96945
1778.59273	0.96933
1776.53893	0.96927
1774.48513	0.96932
1772.43132	0.96931
1770.37752	0.96885
1768.32372	0.96834
1766.26992	0.96825
1764.21611	0.96829
1762.16231	0.96806
1760.10851	0.96755
1758.05471	0.96681
1756.00091	0.96578
1753.9471	0.96473
1751.8933	0.96368
1749.8395	0.96212
1747.7857	0.96023
1745.73189	0.95849
1743.67809	0.95675
1741.62429	0.95483
1739.57049	0.95279
1737.51669	0.95136
1735.46288	0.95065
1733.40908	0.94975
1731.35528	0.94849
1729.30148	0.94668
1727.24767	0.94346
1725.19387	0.93871
1723.14007	0.93324
1721.08627	0.92884
1719.03247	0.92569
1716.97866	0.92317
1714.92486	0.92196
1712.87106	0.92208
1710.81726	0.92331
1708.76345	0.92541
1706.70965	0.92785
1704.65585	0.93011
1702.60205	0.93163
1700.54825	0.93252
1698.49444	0.93319
1696.44064	0.93394
1694.38684	0.93436
1692.33304	0.93435
1690.27923	0.93406
1688.22543	0.93355
1686.17163	0.93296
1684.11783	0.93135
1682.06403	0.92912
1680.01022	0.9277
1677.95642	0.92649
1675.90262	0.92481
1673.84882	0.92301
1671.79501	0.92158
1669.74121	0.91965
1667.68741	0.91742
1665.63361	0.91588
1663.57981	0.91444
1661.526	0.91265
1659.4722	0.91108
1657.4184	0.90997
1655.3646	0.90909
1653.31079	0.90801
1651.25699	0.90732
1649.20319	0.90728
1647.14939	0.9072
1645.09559	0.90696
1643.04178	0.90704
1640.98798	0.90739
1638.93418	0.9078
1636.88038	0.90807
1634.82657	0.9081
1632.77277	0.90834
1630.71897	0.90881
1628.66517	0.90939
1626.61137	0.91038
1624.55756	0.91183
1622.50376	0.91338
1620.44996	0.91468
1618.39616	0.91582
1616.34235	0.91701
1614.28855	0.91799
1612.23475	0.91879
1610.18095	0.91956
1608.12715	0.92019
1606.07334	0.92068
1604.01954	0.92116
1601.96574	0.92153
1599.91194	0.92171
1597.85813	0.92166
1595.80433	0.92147
1593.75053	0.92146
1591.69673	0.92163
1589.64293	0.92176
1587.58912	0.92185
1585.53532	0.92178
1583.48152	0.92138
1581.42772	0.9208
1579.37391	0.92038
1577.32011	0.9201
1575.26631	0.91963
1573.21251	0.91912
1571.15871	0.91857
1569.1049	0.9178
1567.0511	0.91707
1564.9973	0.91636
1562.9435	0.91564
1560.88969	0.91495
1558.83589	0.91343
1556.78209	0.91186
1554.72829	0.91102
1552.67449	0.9101
1550.62068	0.90909
1548.56688	0.90808
1546.51308	0.90705
1544.45928	0.90588
1542.40547	0.90483
1540.35167	0.90358
1538.29787	0.90219
1536.24407	0.90151
1534.19026	0.90079
1532.13646	0.89977
1530.08266	0.89892
1528.02886	0.898
1525.97506	0.89671
1523.92125	0.89558
1521.86745	0.89457
1519.81365	0.89346
1517.75985	0.89236
1515.70604	0.89141
1513.65224	0.89083
1511.59844	0.89047
1509.54464	0.88993
1507.49084	0.88857
1505.43703	0.88683
1503.38323	0.88608
1501.32943	0.88538
1499.27563	0.88401
1497.22182	0.8821
1495.16802	0.88034
1493.11422	0.87906
1491.06042	0.87749
1489.00662	0.87508
1486.95281	0.87256
1484.89901	0.87034
1482.84521	0.8677
1480.79141	0.86356
1478.7376	0.85525
1476.6838	0.83379
1474.63	0.79024
1472.5762	0.74187
1470.5224	0.72636
1468.46859	0.7319
1466.41479	0.73467
1464.36099	0.7332
1462.30719	0.73947
1460.25338	0.75576
1458.19958	0.77557
1456.14578	0.79171
1454.09198	0.80147
1452.03818	0.8094
1449.98437	0.81658
1447.93057	0.82228
1445.87677	0.82637
1443.82297	0.82915
1441.76916	0.83127
1439.71536	0.8332
1437.66156	0.83525
1435.60776	0.83729
1433.55396	0.8392
1431.50015	0.84137
1429.44635	0.84365
1427.39255	0.84571
1425.33875	0.84767
1423.28494	0.84922
1421.23114	0.85007
1419.17734	0.85076
1417.12354	0.85182
1415.06974	0.85329
1413.01593	0.85536
1410.96213	0.85835
1408.90833	0.86211
1406.85453	0.86633
1404.80072	0.87105
1402.74692	0.87555
1400.69312	0.87939
1398.63932	0.88306
1396.58552	0.88662
1394.53171	0.89008
1392.47791	0.89322
1390.42411	0.89568
1388.37031	0.89755
1386.3165	0.89864
1384.2627	0.89854
1382.2089	0.89708
1380.1551	0.89474
1378.1013	0.89326
1376.04749	0.89385
1373.99369	0.896
1371.93989	0.89814
1369.88609	0.89976
1367.83228	0.9016
1365.77848	0.90397
1363.72468	0.90667
1361.67088	0.90928
1359.61708	0.91124
1357.56327	0.91259
1355.50947	0.91371
1353.45567	0.91473
1351.40187	0.91562
1349.34806	0.9165
1347.29426	0.91763
1345.24046	0.91904
1343.18666	0.92039
1341.13286	0.92155
1339.07905	0.9227
1337.02525	0.92381
1334.97145	0.92483
1332.91765	0.92562
1330.86384	0.92602
1328.81004	0.92606
1326.75624	0.92579
1324.70244	0.92532
1322.64864	0.9248
1320.59483	0.92439
1318.54103	0.92418
1316.48723	0.92404
1314.43343	0.92386
1312.37962	0.92371
1310.32582	0.92361
1308.27202	0.92357
1306.21822	0.92361
1304.16442	0.9237
1302.11061	0.92372
1300.05681	0.92374
1298.00301	0.9239
1295.94921	0.92409
1293.8954	0.92418
1291.8416	0.92432
1289.7878	0.92459
1287.734	0.92492
1285.6802	0.92506
1283.62639	0.92493
1281.57259	0.92468
1279.51879	0.92441
1277.46499	0.92415
1275.41118	0.92384
1273.35738	0.92334
1271.30358	0.9227
1269.24978	0.92208
1267.19598	0.92149
1265.14217	0.92096
1263.08837	0.92044
1261.03457	0.91985
1258.98077	0.91935
1256.92696	0.91891
1254.87316	0.91848
1252.81936	0.91816
1250.76556	0.91784
1248.71176	0.91749
1246.65795	0.9171
1244.60415	0.91661
1242.55035	0.91605
1240.49655	0.91559
1238.44274	0.91547
1236.38894	0.91559
1234.33514	0.91557
1232.28134	0.91538
1230.22754	0.91516
1228.17373	0.91485
1226.11993	0.91465
1224.06613	0.91445
1222.01233	0.91393
1219.95852	0.91336
1217.90472	0.91282
1215.85092	0.91213
1213.79712	0.9115
1211.74332	0.91094
1209.68951	0.91031
1207.63571	0.90964
1205.58191	0.90892
1203.52811	0.90805
1201.4743	0.90691
1199.4205	0.90578
1197.3667	0.90496
1195.3129	0.90417
1193.25909	0.90303
1191.20529	0.90165
1189.15149	0.90023
1187.09769	0.89864
1185.04389	0.89676
1182.99008	0.89481
1180.93628	0.89287
1178.88248	0.89055
1176.82868	0.88795
1174.77487	0.88546
1172.72107	0.88304
1170.66727	0.88067
1168.61347	0.8785
1166.55967	0.87658
1164.50586	0.87485
1162.45206	0.87358
1160.39826	0.87287
1158.34446	0.8723
1156.29065	0.87137
1154.23685	0.86968
1152.18305	0.86741
1150.12925	0.865
1148.07545	0.86254
1146.02164	0.86011
1143.96784	0.8577
1141.91404	0.85505
1139.86024	0.85203
1137.80643	0.84855
1135.75263	0.84462
1133.69883	0.84028
1131.64503	0.83547
1129.59123	0.83054
1127.53742	0.82564
1125.48362	0.82049
1123.42982	0.81515
1121.37602	0.8098
1119.32221	0.80457
1117.26841	0.79988
1115.21461	0.79588
1113.16081	0.79219
1111.10701	0.78855
1109.0532	0.78482
1106.9994	0.78097
1104.9456	0.77715
1102.8918	0.77326
1100.83799	0.76921
1098.78419	0.76516
1096.73039	0.76137
1094.67659	0.75776
1092.62279	0.75397
1090.56898	0.75005
1088.51518	0.74628
1086.46138	0.74257
1084.40758	0.73868
1082.35377	0.7349
1080.29997	0.73144
1078.24617	0.72798
1076.19237	0.7244
1074.13857	0.72061
1072.08476	0.71652
1070.03096	0.71236
1067.97716	0.70802
1065.92336	0.70307
1063.86955	0.6977
1061.81575	0.69229
1059.76195	0.68662
1057.70815	0.68041
1055.65435	0.67375
1053.60054	0.66665
1051.54674	0.65933
1049.49294	0.6521
1047.43914	0.64512
1045.38533	0.63849
1043.33153	0.63226
1041.27773	0.6264
1039.22393	0.62107
1037.17013	0.6167
1035.11632	0.61345
1033.06252	0.61101
1031.00872	0.60939
1028.95492	0.60893
1026.90111	0.60945
1024.84731	0.61034
1022.79351	0.6113
1020.73971	0.61239
1018.68591	0.61338
1016.6321	0.61409
1014.5783	0.61489
1012.5245	0.61603
1010.4707	0.61767
1008.41689	0.62004
1006.36309	0.62334
1004.30929	0.62769
1002.25549	0.63296
1000.20169	0.6391
998.14788	0.64596
996.09408	0.65305
994.04028	0.66028
991.98648	0.66787
989.93267	0.67581
987.87887	0.68396
985.82507	0.69222
983.77127	0.7006
981.71747	0.70902
979.66366	0.71733
977.60986	0.72553
975.55606	0.73356
973.50226	0.74154
971.44845	0.7496
969.39465	0.7574
967.34085	0.76463
965.28705	0.77141
963.23325	0.77772
961.17944	0.78357
959.12564	0.78917
957.07184	0.79451
955.01804	0.7994
952.96423	0.80371
950.91043	0.80736
948.85663	0.81059
946.80283	0.81348
944.74903	0.81581
942.69522	0.81763
940.64142	0.81916
938.58762	0.82052
936.53382	0.82183
934.48001	0.82313
932.42621	0.82432
930.37241	0.82529
928.31861	0.82605
926.26481	0.82641
924.211	0.82601
922.1572	0.82481
920.1034	0.82295
918.0496	0.82067
915.99579	0.81871
913.94199	0.81785
911.88819	0.8184
909.83439	0.82086
907.78059	0.82546
905.72678	0.83156
903.67298	0.83813
901.61918	0.84455
899.56538	0.85066
897.51157	0.85608
895.45777	0.86053
893.40397	0.86418
891.35017	0.86717
889.29637	0.86957
887.24256	0.87086
885.18876	0.8701
883.13496	0.86702
881.08116	0.86154
879.02735	0.85402
876.97355	0.84695
874.91975	0.8443
872.86595	0.84889
870.81215	0.85949
868.75834	0.87048
866.70454	0.87692
864.65074	0.87887
862.59694	0.87909
860.54313	0.87931
858.48933	0.87995
856.43553	0.88206
854.38173	0.88703
852.32792	0.89341
850.27412	0.89799
848.22032	0.90004
846.16652	0.90073
844.11272	0.90092
842.05891	0.90099
840.00511	0.9006
837.95131	0.89967
835.89751	0.89859
833.8437	0.89738
831.7899	0.8962
829.7361	0.89527
827.6823	0.89493
825.6285	0.89538
823.57469	0.89592
821.52089	0.89615
819.46709	0.89607
817.41329	0.89539
815.35948	0.89442
813.30568	0.89312
811.25188	0.89095
809.19808	0.88772
807.14428	0.88328
805.09047	0.87758
803.03667	0.87139
800.98287	0.86647
798.92907	0.86407
796.87526	0.86419
794.82146	0.86634
792.76766	0.86909
790.71386	0.87089
788.66006	0.87174
786.60625	0.8716
784.55245	0.87022
782.49865	0.86824
780.44485	0.86644
778.39104	0.86595
776.33724	0.86716
774.28344	0.86943
772.22964	0.87219
770.17584	0.8746
768.12203	0.87614
766.06823	0.87688
764.01443	0.87687
761.96063	0.87625
759.90682	0.87516
757.85302	0.87404
755.79922	0.87353
753.74542	0.87319
751.69162	0.8725
749.63781	0.87175
747.58401	0.87122
745.53021	0.87083
743.47641	0.87072
741.4226	0.87046
739.3688	0.86938
737.315	0.86659
735.2612	0.85768
733.2074	0.83618
731.15359	0.80797
729.09979	0.79274
727.04599	0.79369
724.99219	0.79188
722.93838	0.77295
720.88458	0.73894
718.83078	0.71054
716.77698	0.71009
714.72318	0.73699
712.66937	0.77359
710.61557	0.80334
708.56177	0.82145
706.50797	0.83087
704.45416	0.8351
702.40036	0.83603
700.34656	0.83497
698.29276	0.83344
696.23896	0.83208
694.18515	0.83134
692.13135	0.83185
690.07755	0.83361
688.02375	0.83561
685.96994	0.83661
683.91614	0.83664
681.86234	0.83676
679.80854	0.83745
677.75474	0.83814
675.70093	0.83853
673.64713	0.83896
671.59333	0.83954
669.53953	0.84009
667.48572	0.8402
665.43192	0.83995
663.37812	0.83963
661.32432	0.8393
659.27052	0.83906
657.21671	0.83897
655.16291	0.83893
653.10911	0.83878
651.05531	0.83814
649.0015	0.83684
646.9477	0.836
644.8939	0.83578
642.8401	0.8355
640.7863	0.83509
638.73249	0.83464
636.67869	0.83416
634.62489	0.83298
632.57109	0.83125
630.51728	0.83025
628.46348	0.82953
626.40968	0.82822
624.35588	0.82724
622.30208	0.82668
620.24827	0.82581
618.19447	0.82463
616.14067	0.82299
614.08687	0.82065
612.03306	0.81799
609.97926	0.81548
607.92546	0.81369
605.87166	0.81274
603.81786	0.81149
601.76405	0.80912
599.71025	0.80651
597.65645	0.80386
595.60265	0.80076
593.54884	0.79843
591.49504	0.79661
589.44124	0.79314
587.38744	0.78793
585.33364	0.78288
583.27983	0.77921
581.22603	0.7764
579.17223	0.77322
577.11843	0.76906
575.06462	0.76463
573.01082	0.76046
570.95702	0.75677
568.90322	0.75369
566.84942	0.75077
564.79561	0.7475
562.74181	0.74348
560.68801	0.73852
558.63421	0.73297
556.5804	0.72767
554.5266	0.7238
552.4728	0.72169
550.419	0.71933
548.3652	0.71481
546.31139	0.7095
544.25759	0.70485
542.20379	0.70015
540.14999	0.69519
538.09618	0.69006
536.04238	0.68547
533.98858	0.68242
531.93478	0.6807
529.88098	0.67938
527.82717	0.6775
525.77337	0.67561
523.71957	0.67522
521.66577	0.67624
519.61196	0.67834
517.55816	0.68137
515.50436	0.6845
513.45056	0.6883
511.39675	0.69315
509.34295	0.69696
507.28915	0.69943
505.23535	0.70263
503.18155	0.7065
501.12774	0.70967
499.07394	0.71152
497.02014	0.71197
494.96634	0.7111
492.91253	0.7097
490.85873	0.70814
488.80493	0.7052
486.75113	0.69882
484.69733	0.68819
482.64352	0.67571
480.58972	0.6637
478.53592	0.65173
476.48212	0.63895
474.42831	0.62549
472.37451	0.61291
470.32071	0.6045
468.26691	0.60161
466.21311	0.60222
464.1593	0.60504
462.1055	0.61023
460.0517	0.6172
457.9979	0.62713
455.94409	0.63924
453.89029	0.64894
451.83649	0.65567
449.78269	0.66069
447.72889	0.66486
445.67508	0.66777
443.62128	0.66993
441.56748	0.67229
439.51368	0.6722
437.45987	0.6697
435.40607	0.67009
433.35227	0.6722
431.29847	0.67093
429.24467	0.66902
427.19086	0.669
425.13706	0.66969
423.08326	0.67009
421.02946	0.66971
418.97565	0.67392
416.92185	0.68323
414.86805	0.68979
412.81425	0.69546
410.76045	0.70473
408.70664	0.71689
406.65284	0.72615
404.59904	0.73106
402.54524	0.73264
400.49143	0.72819
398.43763	0.71974
KMeans Clustering	8.0
Spectral Clustering	9.0
Agglomerative Clustering	1.0
