Numero de onda	Muestra 115
3996.69914	0.99327
3994.64534	0.99313
3992.59153	0.99318
3990.53773	0.99333
3988.48393	0.99361
3986.43013	0.99386
3984.37632	0.9938
3982.32252	0.99341
3980.26872	0.99302
3978.21492	0.99275
3976.16112	0.9926
3974.10731	0.9927
3972.05351	0.99296
3969.99971	0.99316
3967.94591	0.9932
3965.8921	0.99325
3963.8383	0.99351
3961.7845	0.9938
3959.7307	0.99389
3957.6769	0.99385
3955.62309	0.99359
3953.56929	0.99328
3951.51549	0.99324
3949.46169	0.99326
3947.40788	0.99305
3945.35408	0.99285
3943.30028	0.99289
3941.24648	0.993
3939.19268	0.9932
3937.13887	0.99349
3935.08507	0.99347
3933.03127	0.99313
3930.97747	0.99296
3928.92366	0.99314
3926.86986	0.99331
3924.81606	0.99322
3922.76226	0.99326
3920.70845	0.9934
3918.65465	0.99336
3916.60085	0.99338
3914.54705	0.99339
3912.49325	0.99344
3910.43944	0.99365
3908.38564	0.9937
3906.33184	0.99365
3904.27804	0.99364
3902.22423	0.99324
3900.17043	0.99277
3898.11663	0.99293
3896.06283	0.99325
3894.00903	0.99318
3891.95522	0.99297
3889.90142	0.99286
3887.84762	0.9926
3885.79382	0.99251
3883.74001	0.993
3881.68621	0.99345
3879.63241	0.99353
3877.57861	0.99357
3875.52481	0.99353
3873.471	0.99349
3871.4172	0.99341
3869.3634	0.99296
3867.3096	0.99274
3865.25579	0.99295
3863.20199	0.9931
3861.14819	0.99321
3859.09439	0.9934
3857.04059	0.99341
3854.98678	0.99329
3852.93298	0.99356
3850.87918	0.99381
3848.82538	0.99377
3846.77157	0.99372
3844.71777	0.99366
3842.66397	0.99355
3840.61017	0.99345
3838.55637	0.99339
3836.50256	0.99351
3834.44876	0.9936
3832.39496	0.99345
3830.34116	0.99344
3828.28735	0.99364
3826.23355	0.99367
3824.17975	0.99334
3822.12595	0.9931
3820.07215	0.99336
3818.01834	0.99378
3815.96454	0.9941
3813.91074	0.99415
3811.85694	0.99416
3809.80313	0.99433
3807.74933	0.9944
3805.69553	0.99438
3803.64173	0.99445
3801.58793	0.99438
3799.53412	0.99409
3797.48032	0.99399
3795.42652	0.99396
3793.37272	0.99365
3791.31891	0.9934
3789.26511	0.99357
3787.21131	0.994
3785.15751	0.99422
3783.10371	0.99408
3781.0499	0.99415
3778.9961	0.99441
3776.9423	0.99422
3774.8885	0.99379
3772.83469	0.99362
3770.78089	0.99377
3768.72709	0.99399
3766.67329	0.99394
3764.61949	0.99366
3762.56568	0.99333
3760.51188	0.99305
3758.45808	0.9932
3756.40428	0.99395
3754.35047	0.99437
3752.29667	0.9939
3750.24287	0.99328
3748.18907	0.99324
3746.13527	0.99351
3744.08146	0.99361
3742.02766	0.99359
3739.97386	0.99386
3737.92006	0.99404
3735.86625	0.99388
3733.81245	0.99389
3731.75865	0.99404
3729.70485	0.99426
3727.65105	0.99459
3725.59724	0.99444
3723.54344	0.99391
3721.48964	0.99368
3719.43584	0.99382
3717.38203	0.99393
3715.32823	0.99369
3713.27443	0.99337
3711.22063	0.99329
3709.16683	0.9933
3707.11302	0.9932
3705.05922	0.9932
3703.00542	0.99328
3700.95162	0.99301
3698.89781	0.99263
3696.84401	0.99265
3694.79021	0.99268
3692.73641	0.99233
3690.68261	0.99224
3688.6288	0.99287
3686.575	0.9933
3684.5212	0.9933
3682.4674	0.99325
3680.41359	0.99312
3678.35979	0.99294
3676.30599	0.99286
3674.25219	0.99301
3672.19839	0.99307
3670.14458	0.99264
3668.09078	0.99261
3666.03698	0.99324
3663.98318	0.99375
3661.92937	0.99394
3659.87557	0.99384
3657.82177	0.99355
3655.76797	0.99304
3653.71417	0.99252
3651.66036	0.99246
3649.60656	0.99273
3647.55276	0.99289
3645.49896	0.99311
3643.44515	0.99331
3641.39135	0.99324
3639.33755	0.99284
3637.28375	0.99232
3635.22995	0.99222
3633.17614	0.9926
3631.12234	0.99284
3629.06854	0.99297
3627.01474	0.99301
3624.96093	0.99282
3622.90713	0.99277
3620.85333	0.99278
3618.79953	0.99268
3616.74573	0.99263
3614.69192	0.99248
3612.63812	0.99211
3610.58432	0.99183
3608.53052	0.99184
3606.47671	0.99208
3604.42291	0.99234
3602.36911	0.99252
3600.31531	0.99252
3598.26151	0.99225
3596.2077	0.9921
3594.1539	0.99246
3592.1001	0.99276
3590.0463	0.99261
3587.99249	0.99236
3585.93869	0.99223
3583.88489	0.99207
3581.83109	0.99186
3579.77728	0.99171
3577.72348	0.99168
3575.66968	0.99166
3573.61588	0.99169
3571.56208	0.9918
3569.50827	0.9918
3567.45447	0.9917
3565.40067	0.9916
3563.34687	0.99147
3561.29306	0.99128
3559.23926	0.99109
3557.18546	0.99112
3555.13166	0.99109
3553.07786	0.99081
3551.02405	0.99071
3548.97025	0.99073
3546.91645	0.99058
3544.86265	0.99064
3542.80884	0.99097
3540.75504	0.99108
3538.70124	0.99105
3536.64744	0.99123
3534.59364	0.99144
3532.53983	0.99116
3530.48603	0.99067
3528.43223	0.99049
3526.37843	0.99036
3524.32462	0.99016
3522.27082	0.98989
3520.21702	0.98949
3518.16322	0.98935
3516.10942	0.98964
3514.05561	0.98977
3512.00181	0.98964
3509.94801	0.98973
3507.89421	0.98995
3505.8404	0.98985
3503.7866	0.98975
3501.7328	0.99001
3499.679	0.99004
3497.6252	0.98952
3495.57139	0.98906
3493.51759	0.98915
3491.46379	0.98955
3489.40999	0.98962
3487.35618	0.9893
3485.30238	0.98898
3483.24858	0.98889
3481.19478	0.98898
3479.14098	0.98905
3477.08717	0.98905
3475.03337	0.98901
3472.97957	0.98888
3470.92577	0.98881
3468.87196	0.98891
3466.81816	0.98902
3464.76436	0.98903
3462.71056	0.98887
3460.65676	0.98871
3458.60295	0.98878
3456.54915	0.98882
3454.49535	0.98872
3452.44155	0.98887
3450.38774	0.98914
3448.33394	0.98903
3446.28014	0.98852
3444.22634	0.98816
3442.17254	0.98839
3440.11873	0.98876
3438.06493	0.98858
3436.01113	0.98811
3433.95733	0.98794
3431.90352	0.98798
3429.84972	0.98806
3427.79592	0.98829
3425.74212	0.98856
3423.68832	0.98861
3421.63451	0.98858
3419.58071	0.98861
3417.52691	0.98847
3415.47311	0.98819
3413.4193	0.98782
3411.3655	0.98739
3409.3117	0.98743
3407.2579	0.98792
3405.2041	0.98814
3403.15029	0.98805
3401.09649	0.9882
3399.04269	0.98858
3396.98889	0.98883
3394.93508	0.9888
3392.88128	0.98845
3390.82748	0.98811
3388.77368	0.98802
3386.71988	0.98812
3384.66607	0.98816
3382.61227	0.98811
3380.55847	0.98807
3378.50467	0.98791
3376.45086	0.98778
3374.39706	0.98801
3372.34326	0.98833
3370.28946	0.98832
3368.23566	0.98821
3366.18185	0.98817
3364.12805	0.98808
3362.07425	0.988
3360.02045	0.98801
3357.96664	0.98802
3355.91284	0.98802
3353.85904	0.98814
3351.80524	0.98846
3349.75144	0.98879
3347.69763	0.98876
3345.64383	0.98847
3343.59003	0.98824
3341.53623	0.98811
3339.48242	0.98804
3337.42862	0.98803
3335.37482	0.98801
3333.32102	0.98813
3331.26722	0.98837
3329.21341	0.98854
3327.15961	0.98856
3325.10581	0.9884
3323.05201	0.98828
3320.9982	0.98828
3318.9444	0.98823
3316.8906	0.98827
3314.8368	0.98838
3312.783	0.98827
3310.72919	0.98802
3308.67539	0.98795
3306.62159	0.98802
3304.56779	0.98803
3302.51398	0.98808
3300.46018	0.98833
3298.40638	0.98854
3296.35258	0.98868
3294.29878	0.98885
3292.24497	0.98896
3290.19117	0.98904
3288.13737	0.98909
3286.08357	0.98889
3284.02976	0.98861
3281.97596	0.98856
3279.92216	0.98844
3277.86836	0.98831
3275.81456	0.98848
3273.76075	0.98862
3271.70695	0.98866
3269.65315	0.98876
3267.59935	0.98884
3265.54554	0.98879
3263.49174	0.98857
3261.43794	0.98858
3259.38414	0.98901
3257.33034	0.98943
3255.27653	0.98954
3253.22273	0.98949
3251.16893	0.98952
3249.11513	0.98955
3247.06132	0.98922
3245.00752	0.98884
3242.95372	0.98904
3240.89992	0.98943
3238.84611	0.98929
3236.79231	0.98901
3234.73851	0.98915
3232.68471	0.98929
3230.63091	0.98916
3228.5771	0.98914
3226.5233	0.98922
3224.4695	0.9893
3222.4157	0.98953
3220.36189	0.9898
3218.30809	0.98977
3216.25429	0.98935
3214.20049	0.98903
3212.14669	0.98919
3210.09288	0.98944
3208.03908	0.98954
3205.98528	0.98961
3203.93148	0.98967
3201.87767	0.98945
3199.82387	0.98893
3197.77007	0.98861
3195.71627	0.98894
3193.66247	0.98959
3191.60866	0.99001
3189.55486	0.99002
3187.50106	0.98978
3185.44726	0.98958
3183.39345	0.98952
3181.33965	0.98947
3179.28585	0.98942
3177.23205	0.9895
3175.17825	0.98964
3173.12444	0.98985
3171.07064	0.99009
3169.01684	0.99023
3166.96304	0.99025
3164.90923	0.99016
3162.85543	0.99008
3160.80163	0.99006
3158.74783	0.99009
3156.69403	0.99008
3154.64022	0.98997
3152.58642	0.98968
3150.53262	0.98951
3148.47882	0.98976
3146.42501	0.98994
3144.37121	0.9899
3142.31741	0.9901
3140.26361	0.99032
3138.20981	0.99003
3136.156	0.98965
3134.1022	0.98973
3132.0484	0.99008
3129.9946	0.99031
3127.94079	0.99027
3125.88699	0.99005
3123.83319	0.98989
3121.77939	0.99011
3119.72559	0.99062
3117.67178	0.99097
3115.61798	0.99089
3113.56418	0.99069
3111.51038	0.99071
3109.45657	0.99066
3107.40277	0.99058
3105.34897	0.9907
3103.29517	0.99078
3101.24137	0.99073
3099.18756	0.99072
3097.13376	0.9907
3095.07996	0.99063
3093.02616	0.9907
3090.97235	0.9908
3088.91855	0.99071
3086.86475	0.99052
3084.81095	0.99039
3082.75715	0.99052
3080.70334	0.99083
3078.64954	0.99088
3076.59574	0.99064
3074.54194	0.99049
3072.48813	0.99056
3070.43433	0.99069
3068.38053	0.9908
3066.32673	0.99081
3064.27293	0.99079
3062.21912	0.99107
3060.16532	0.99142
3058.11152	0.9913
3056.05772	0.9909
3054.00391	0.99061
3051.95011	0.99055
3049.89631	0.99066
3047.84251	0.99076
3045.78871	0.99083
3043.7349	0.99088
3041.6811	0.99068
3039.6273	0.99037
3037.5735	0.99033
3035.51969	0.9906
3033.46589	0.99095
3031.41209	0.99103
3029.35829	0.99074
3027.30449	0.99023
3025.25068	0.98988
3023.19688	0.9899
3021.14308	0.99009
3019.08928	0.99003
3017.03547	0.98966
3014.98167	0.98936
3012.92787	0.98925
3010.87407	0.98913
3008.82027	0.98904
3006.76646	0.9889
3004.71266	0.98849
3002.65886	0.98789
3000.60506	0.98734
2998.55125	0.98676
2996.49745	0.98594
2994.44365	0.98505
2992.38985	0.98439
2990.33605	0.98377
2988.28224	0.98263
2986.22844	0.98105
2984.17464	0.97943
2982.12084	0.97746
2980.06703	0.97474
2978.01323	0.97137
2975.95943	0.9672
2973.90563	0.96177
2971.85183	0.95459
2969.79802	0.94528
2967.74422	0.9339
2965.69042	0.92096
2963.63662	0.90756
2961.58281	0.89552
2959.52901	0.88655
2957.47521	0.8808
2955.42141	0.87639
2953.36761	0.87143
2951.3138	0.86669
2949.26	0.86581
2947.2062	0.87194
2945.1524	0.8842
2943.09859	0.89827
2941.04479	0.90935
2938.99099	0.91441
2936.93719	0.91331
2934.88339	0.90755
2932.82958	0.89816
2930.77578	0.88573
2928.72198	0.87159
2926.66818	0.85729
2924.61437	0.84306
2922.56057	0.82859
2920.50677	0.8147
2918.45297	0.80392
2916.39917	0.79999
2914.34536	0.805
2912.29156	0.81663
2910.23776	0.83003
2908.18396	0.84209
2906.13015	0.85262
2904.07635	0.86247
2902.02255	0.87195
2899.96875	0.88105
2897.91494	0.88957
2895.86114	0.89694
2893.80734	0.90268
2891.75354	0.90672
2889.69974	0.9091
2887.64593	0.90998
2885.59213	0.9097
2883.53833	0.90832
2881.48453	0.90564
2879.43072	0.9022
2877.37692	0.89978
2875.32312	0.89978
2873.26932	0.90106
2871.21552	0.90138
2869.16171	0.90036
2867.10791	0.89988
2865.05411	0.90295
2863.00031	0.91085
2860.9465	0.92072
2858.8927	0.92752
2856.8389	0.92772
2854.7851	0.9209
2852.7313	0.91026
2850.67749	0.90234
2848.62369	0.90244
2846.56989	0.90792
2844.51609	0.91112
2842.46228	0.90836
2840.40848	0.90214
2838.35468	0.89754
2836.30088	0.89916
2834.24708	0.9085
2832.19327	0.92279
2830.13947	0.93729
2828.08567	0.94889
2826.03187	0.95715
2823.97806	0.96273
2821.92426	0.96627
2819.87046	0.96857
2817.81666	0.97056
2815.76286	0.97244
2813.70905	0.97387
2811.65525	0.97486
2809.60145	0.97577
2807.54765	0.97678
2805.49384	0.97786
2803.44004	0.97895
2801.38624	0.97995
2799.33244	0.98072
2797.27864	0.98118
2795.22483	0.98151
2793.17103	0.98201
2791.11723	0.9826
2789.06343	0.98317
2787.00962	0.9838
2784.95582	0.98449
2782.90202	0.98504
2780.84822	0.98531
2778.79442	0.98553
2776.74061	0.98595
2774.68681	0.98635
2772.63301	0.98646
2770.57921	0.98649
2768.5254	0.98671
2766.4716	0.98685
2764.4178	0.98688
2762.364	0.98716
2760.3102	0.98759
2758.25639	0.98782
2756.20259	0.98783
2754.14879	0.9879
2752.09499	0.9881
2750.04118	0.98825
2747.98738	0.98825
2745.93358	0.98808
2743.87978	0.98782
2741.82598	0.98771
2739.77217	0.98764
2737.71837	0.98737
2735.66457	0.98702
2733.61077	0.98667
2731.55696	0.98629
2729.50316	0.98588
2727.44936	0.98547
2725.39556	0.985
2723.34176	0.98465
2721.28795	0.98479
2719.23415	0.98546
2717.18035	0.98629
2715.12655	0.98682
2713.07274	0.98688
2711.01894	0.98697
2708.96514	0.98737
2706.91134	0.9878
2704.85754	0.98818
2702.80373	0.98844
2700.74993	0.98855
2698.69613	0.98865
2696.64233	0.98873
2694.58852	0.98863
2692.53472	0.9885
2690.48092	0.98857
2688.42712	0.98874
2686.37332	0.98875
2684.31951	0.98866
2682.26571	0.98865
2680.21191	0.98873
2678.15811	0.98872
2676.1043	0.98862
2674.0505	0.98859
2671.9967	0.98867
2669.9429	0.98888
2667.8891	0.98902
2665.83529	0.9889
2663.78149	0.98864
2661.72769	0.98838
2659.67389	0.98813
2657.62008	0.98799
2655.56628	0.98812
2653.51248	0.98845
2651.45868	0.9887
2649.40488	0.98874
2647.35107	0.98887
2645.29727	0.98913
2643.24347	0.98924
2641.18967	0.98921
2639.13586	0.98924
2637.08206	0.9894
2635.02826	0.98959
2632.97446	0.98957
2630.92066	0.98946
2628.86685	0.98958
2626.81305	0.98983
2624.75925	0.98985
2622.70545	0.98975
2620.65164	0.98975
2618.59784	0.98961
2616.54404	0.98933
2614.49024	0.98927
2612.43644	0.98941
2610.38263	0.98965
2608.32883	0.99002
2606.27503	0.99031
2604.22123	0.99028
2602.16742	0.99028
2600.11362	0.99059
2598.05982	0.9908
2596.00602	0.9907
2593.95222	0.99064
2591.89841	0.99084
2589.84461	0.99085
2587.79081	0.99048
2585.73701	0.99014
2583.6832	0.98997
2581.6294	0.98993
2579.5756	0.99017
2577.5218	0.99054
2575.468	0.99077
2573.41419	0.99067
2571.36039	0.99072
2569.30659	0.99111
2567.25279	0.99138
2565.19898	0.99148
2563.14518	0.99138
2561.09138	0.99115
2559.03758	0.99102
2556.98377	0.99083
2554.92997	0.99086
2552.87617	0.99131
2550.82237	0.99155
2548.76857	0.99125
2546.71476	0.991
2544.66096	0.99128
2542.60716	0.99152
2540.55336	0.99133
2538.49955	0.99115
2536.44575	0.99141
2534.39195	0.99209
2532.33815	0.99259
2530.28435	0.99233
2528.23054	0.99183
2526.17674	0.9918
2524.12294	0.99191
2522.06914	0.99185
2520.01533	0.99186
2517.96153	0.99204
2515.90773	0.99214
2513.85393	0.99204
2511.80013	0.9919
2509.74632	0.99193
2507.69252	0.99221
2505.63872	0.99249
2503.58492	0.99232
2501.53111	0.99188
2499.47731	0.99183
2497.42351	0.99223
2495.36971	0.99253
2493.31591	0.99252
2491.2621	0.99254
2489.2083	0.99288
2487.1545	0.99302
2485.1007	0.99262
2483.04689	0.99229
2480.99309	0.99226
2478.93929	0.99232
2476.88549	0.99246
2474.83169	0.99245
2472.77788	0.99227
2470.72408	0.99218
2468.67028	0.99243
2466.61648	0.99271
2464.56267	0.99277
2462.50887	0.99274
2460.45507	0.99265
2458.40127	0.99281
2456.34747	0.99319
2454.29366	0.99333
2452.23986	0.99305
2450.18606	0.99269
2448.13226	0.9925
2446.07845	0.99253
2444.02465	0.99282
2441.97085	0.99315
2439.91705	0.99342
2437.86325	0.99356
2435.80944	0.99344
2433.75564	0.9931
2431.70184	0.99289
2429.64804	0.99312
2427.59423	0.99349
2425.54043	0.99372
2423.48663	0.99364
2421.43283	0.99322
2419.37903	0.9929
2417.32522	0.99269
2415.27142	0.99246
2413.21762	0.99258
2411.16382	0.99296
2409.11001	0.99315
2407.05621	0.99308
2405.00241	0.99276
2402.94861	0.99261
2400.89481	0.99302
2398.841	0.99318
2396.7872	0.99257
2394.7334	0.99209
2392.6796	0.99227
2390.62579	0.99267
2388.57199	0.993
2386.51819	0.99308
2384.46439	0.99283
2382.41059	0.9926
2380.35678	0.99269
2378.30298	0.993
2376.24918	0.99298
2374.19538	0.99233
2372.14157	0.99178
2370.08777	0.99188
2368.03397	0.99223
2365.98017	0.99263
2363.92637	0.99318
2361.87256	0.99373
2359.81876	0.99405
2357.76496	0.99374
2355.71116	0.99298
2353.65735	0.99279
2351.60355	0.99319
2349.54975	0.99328
2347.49595	0.99287
2345.44215	0.99252
2343.38834	0.99269
2341.33454	0.99293
2339.28074	0.99309
2337.22694	0.99334
2335.17313	0.9932
2333.11933	0.99273
2331.06553	0.99243
2329.01173	0.99211
2326.95793	0.99191
2324.90412	0.99198
2322.85032	0.99196
2320.79652	0.99176
2318.74272	0.9917
2316.68891	0.99206
2314.63511	0.99254
2312.58131	0.99263
2310.52751	0.99243
2308.47371	0.99231
2306.4199	0.99248
2304.3661	0.99271
2302.3123	0.99292
2300.2585	0.993
2298.20469	0.99266
2296.15089	0.99222
2294.09709	0.99202
2292.04329	0.99189
2289.98949	0.99197
2287.93568	0.9922
2285.88188	0.99213
2283.82808	0.99184
2281.77428	0.99179
2279.72047	0.99184
2277.66667	0.99197
2275.61287	0.99261
2273.55907	0.99302
2271.50527	0.99297
2269.45146	0.99319
2267.39766	0.9932
2265.34386	0.99298
2263.29006	0.99329
2261.23625	0.99395
2259.18245	0.99397
2257.12865	0.99328
2255.07485	0.9932
2253.02105	0.99387
2250.96724	0.99382
2248.91344	0.99304
2246.85964	0.9926
2244.80584	0.9925
2242.75203	0.9924
2240.69823	0.99252
2238.64443	0.99307
2236.59063	0.99357
2234.53683	0.99359
2232.48302	0.99364
2230.42922	0.99403
2228.37542	0.99449
2226.32162	0.99413
2224.26781	0.99254
2222.21401	0.9914
2220.16021	0.99168
2218.10641	0.99282
2216.0526	0.99411
2213.9988	0.99406
2211.945	0.99282
2209.8912	0.99278
2207.8374	0.99408
2205.78359	0.99492
2203.72979	0.99465
2201.67599	0.99387
2199.62219	0.99374
2197.56838	0.99409
2195.51458	0.99367
2193.46078	0.99317
2191.40698	0.99322
2189.35318	0.99235
2187.29937	0.99083
2185.24557	0.9913
2183.19177	0.99336
2181.13797	0.99418
2179.08416	0.99383
2177.03036	0.99361
2174.97656	0.99345
2172.92276	0.99331
2170.86896	0.99386
2168.81515	0.99479
2166.76135	0.99439
2164.70755	0.99303
2162.65375	0.99277
2160.59994	0.99385
2158.54614	0.99587
2156.49234	0.99703
2154.43854	0.99672
2152.38474	0.99616
2150.33093	0.99474
2148.27713	0.99319
2146.22333	0.99342
2144.16953	0.99467
2142.11572	0.99515
2140.06192	0.99495
2138.00812	0.99495
2135.95432	0.99506
2133.90052	0.99533
2131.84671	0.99576
2129.79291	0.99577
2127.73911	0.99535
2125.68531	0.99469
2123.6315	0.99387
2121.5777	0.99332
2119.5239	0.99331
2117.4701	0.99358
2115.4163	0.9938
2113.36249	0.9937
2111.30869	0.99338
2109.25489	0.99323
2107.20109	0.9937
2105.14728	0.99441
2103.09348	0.99415
2101.03968	0.99338
2098.98588	0.99331
2096.93208	0.99406
2094.87827	0.99495
2092.82447	0.99495
2090.77067	0.99459
2088.71687	0.99468
2086.66306	0.99457
2084.60926	0.9942
2082.55546	0.99426
2080.50166	0.99446
2078.44786	0.99449
2076.39405	0.99453
2074.34025	0.99431
2072.28645	0.99379
2070.23265	0.99318
2068.17884	0.99292
2066.12504	0.99328
2064.07124	0.99366
2062.01744	0.99378
2059.96364	0.99377
2057.90983	0.99352
2055.85603	0.99295
2053.80223	0.99199
2051.74843	0.99117
2049.69462	0.99146
2047.64082	0.99242
2045.58702	0.99276
2043.53322	0.99279
2041.47942	0.9936
2039.42561	0.99501
2037.37181	0.99478
2035.31801	0.99343
2033.26421	0.99361
2031.2104	0.99421
2029.1566	0.99378
2027.1028	0.99335
2025.049	0.99349
2022.9952	0.99354
2020.94139	0.99392
2018.88759	0.99504
2016.83379	0.99598
2014.77999	0.99653
2012.72618	0.99637
2010.67238	0.99532
2008.61858	0.99466
2006.56478	0.99512
2004.51098	0.99547
2002.45717	0.99514
2000.40337	0.99484
1998.34957	0.99493
1996.29577	0.99554
1994.24196	0.99551
1992.18816	0.9942
1990.13436	0.99335
1988.08056	0.99296
1986.02676	0.99214
1983.97295	0.99145
1981.91915	0.99149
1979.86535	0.99297
1977.81155	0.9957
1975.75774	0.99696
1973.70394	0.99579
1971.65014	0.99436
1969.59634	0.99345
1967.54254	0.99337
1965.48873	0.9945
1963.43493	0.99494
1961.38113	0.99343
1959.32733	0.99182
1957.27352	0.9924
1955.21972	0.99469
1953.16592	0.99657
1951.11212	0.99687
1949.05832	0.99635
1947.00451	0.99563
1944.95071	0.99469
1942.89691	0.99447
1940.84311	0.99515
1938.7893	0.9953
1936.7355	0.9948
1934.6817	0.99463
1932.6279	0.99478
1930.5741	0.99461
1928.52029	0.99423
1926.46649	0.99377
1924.41269	0.993
1922.35889	0.99251
1920.30508	0.99294
1918.25128	0.99403
1916.19748	0.99479
1914.14368	0.99472
1912.08988	0.99454
1910.03607	0.99437
1907.98227	0.99393
1905.92847	0.99361
1903.87467	0.99335
1901.82086	0.99335
1899.76706	0.99389
1897.71326	0.994
1895.65946	0.9935
1893.60566	0.99351
1891.55185	0.99387
1889.49805	0.99381
1887.44425	0.99358
1885.39045	0.99366
1883.33664	0.99405
1881.28284	0.99426
1879.22904	0.99398
1877.17524	0.99378
1875.12143	0.99384
1873.06763	0.99381
1871.01383	0.99394
1868.96003	0.99413
1866.90623	0.99398
1864.85242	0.99379
1862.79862	0.99357
1860.74482	0.99342
1858.69102	0.99368
1856.63721	0.99388
1854.58341	0.99375
1852.52961	0.99378
1850.47581	0.99388
1848.42201	0.9939
1846.3682	0.99404
1844.3144	0.99388
1842.2606	0.99349
1840.2068	0.99368
1838.15299	0.99412
1836.09919	0.99425
1834.04539	0.99426
1831.99159	0.99416
1829.93779	0.99367
1827.88398	0.99315
1825.83018	0.993
1823.77638	0.99291
1821.72258	0.99288
1819.66877	0.99317
1817.61497	0.99357
1815.56117	0.99372
1813.50737	0.99356
1811.45357	0.99311
1809.39976	0.99266
1807.34596	0.99253
1805.29216	0.99258
1803.23836	0.99261
1801.18455	0.99256
1799.13075	0.99244
1797.07695	0.99227
1795.02315	0.99199
1792.96935	0.99159
1790.91554	0.99106
1788.86174	0.99068
1786.80794	0.99048
1784.75414	0.99016
1782.70033	0.98965
1780.64653	0.989
1778.59273	0.98848
1776.53893	0.98819
1774.48513	0.98775
1772.43132	0.98724
1770.37752	0.98733
1768.32372	0.98759
1766.26992	0.98753
1764.21611	0.98743
1762.16231	0.9875
1760.10851	0.98746
1758.05471	0.98705
1756.00091	0.98649
1753.9471	0.98602
1751.8933	0.98575
1749.8395	0.98576
1747.7857	0.98554
1745.73189	0.98501
1743.67809	0.98462
1741.62429	0.98426
1739.57049	0.98376
1737.51669	0.98345
1735.46288	0.98314
1733.40908	0.98225
1731.35528	0.98095
1729.30148	0.97956
1727.24767	0.97815
1725.19387	0.97691
1723.14007	0.97611
1721.08627	0.97604
1719.03247	0.97651
1716.97866	0.97739
1714.92486	0.97805
1712.87106	0.97838
1710.81726	0.97888
1708.76345	0.9795
1706.70965	0.98
1704.65585	0.98061
1702.60205	0.98139
1700.54825	0.98225
1698.49444	0.98272
1696.44064	0.98291
1694.38684	0.98353
1692.33304	0.98415
1690.27923	0.98459
1688.22543	0.985
1686.17163	0.98519
1684.11783	0.98509
1682.06403	0.98492
1680.01022	0.98476
1677.95642	0.98458
1675.90262	0.98467
1673.84882	0.98513
1671.79501	0.98546
1669.74121	0.98546
1667.68741	0.98524
1665.63361	0.98484
1663.57981	0.98452
1661.526	0.98448
1659.4722	0.9845
1657.4184	0.9844
1655.3646	0.98423
1653.31079	0.98412
1651.25699	0.98413
1649.20319	0.98413
1647.14939	0.98398
1645.09559	0.98375
1643.04178	0.98367
1640.98798	0.98362
1638.93418	0.98335
1636.88038	0.98281
1634.82657	0.98272
1632.77277	0.98329
1630.71897	0.98376
1628.66517	0.98394
1626.61137	0.98371
1624.55756	0.98323
1622.50376	0.98312
1620.44996	0.98347
1618.39616	0.98375
1616.34235	0.98378
1614.28855	0.98375
1612.23475	0.98364
1610.18095	0.98346
1608.12715	0.98338
1606.07334	0.98355
1604.01954	0.98377
1601.96574	0.98385
1599.91194	0.98386
1597.85813	0.9838
1595.80433	0.98378
1593.75053	0.98398
1591.69673	0.98418
1589.64293	0.98423
1587.58912	0.9842
1585.53532	0.98422
1583.48152	0.98433
1581.42772	0.98439
1579.37391	0.98428
1577.32011	0.9842
1575.26631	0.98442
1573.21251	0.98467
1571.15871	0.9848
1569.1049	0.9849
1567.0511	0.9849
1564.9973	0.98483
1562.9435	0.98487
1560.88969	0.98503
1558.83589	0.98511
1556.78209	0.98501
1554.72829	0.98509
1552.67449	0.98525
1550.62068	0.98525
1548.56688	0.98532
1546.51308	0.98546
1544.45928	0.98538
1542.40547	0.98504
1540.35167	0.98477
1538.29787	0.98496
1536.24407	0.98502
1534.19026	0.9848
1532.13646	0.98463
1530.08266	0.98456
1528.02886	0.98426
1525.97506	0.98369
1523.92125	0.98318
1521.86745	0.98297
1519.81365	0.98315
1517.75985	0.98324
1515.70604	0.98315
1513.65224	0.98313
1511.59844	0.983
1509.54464	0.98255
1507.49084	0.98211
1505.43703	0.98232
1503.38323	0.98248
1501.32943	0.98232
1499.27563	0.98184
1497.22182	0.98116
1495.16802	0.98065
1493.11422	0.98022
1491.06042	0.97945
1489.00662	0.97848
1486.95281	0.97778
1484.89901	0.97697
1482.84521	0.97564
1480.79141	0.97376
1478.7376	0.97091
1476.6838	0.96554
1474.63	0.95665
1472.5762	0.94639
1470.5224	0.93842
1468.46859	0.93144
1466.41479	0.92194
1464.36099	0.91007
1462.30719	0.90132
1460.25338	0.89711
1458.19958	0.89531
1456.14578	0.89526
1454.09198	0.89606
1452.03818	0.8979
1449.98437	0.90282
1447.93057	0.91315
1445.87677	0.92662
1443.82297	0.93799
1441.76916	0.94564
1439.71536	0.94945
1437.66156	0.95047
1435.60776	0.95191
1433.55396	0.95632
1431.50015	0.96231
1429.44635	0.96767
1427.39255	0.97086
1425.33875	0.97238
1423.28494	0.97312
1421.23114	0.97369
1419.17734	0.97443
1417.12354	0.97506
1415.06974	0.97534
1413.01593	0.97546
1410.96213	0.97555
1408.90833	0.97558
1406.85453	0.97566
1404.80072	0.97608
1402.74692	0.9767
1400.69312	0.97698
1398.63932	0.97684
1396.58552	0.97644
1394.53171	0.97594
1392.47791	0.9752
1390.42411	0.97364
1388.37031	0.97049
1386.3165	0.96438
1384.2627	0.95348
1382.2089	0.93477
1380.1551	0.90613
1378.1013	0.87448
1376.04749	0.85734
1373.99369	0.86855
1371.93989	0.89793
1369.88609	0.92488
1367.83228	0.94285
1365.77848	0.95166
1363.72468	0.95381
1361.67088	0.9522
1359.61708	0.95017
1357.56327	0.95081
1355.50947	0.95506
1353.45567	0.96108
1351.40187	0.96635
1349.34806	0.97012
1347.29426	0.9728
1345.24046	0.97481
1343.18666	0.97619
1341.13286	0.97695
1339.07905	0.97732
1337.02525	0.97752
1334.97145	0.97746
1332.91765	0.97695
1330.86384	0.97624
1328.81004	0.97596
1326.75624	0.97637
1324.70244	0.97721
1322.64864	0.97792
1320.59483	0.97836
1318.54103	0.9788
1316.48723	0.97914
1314.43343	0.97916
1312.37962	0.97897
1310.32582	0.97854
1308.27202	0.97742
1306.21822	0.97565
1304.16442	0.97446
1302.11061	0.97466
1300.05681	0.97513
1298.00301	0.97498
1295.94921	0.97479
1293.8954	0.97513
1291.8416	0.97574
1289.7878	0.97608
1287.734	0.97604
1285.6802	0.97601
1283.62639	0.97603
1281.57259	0.97574
1279.51879	0.97496
1277.46499	0.97397
1275.41118	0.97308
1273.35738	0.97231
1271.30358	0.97171
1269.24978	0.9714
1267.19598	0.97133
1265.14217	0.97159
1263.08837	0.97209
1261.03457	0.97228
1258.98077	0.97178
1256.92696	0.97102
1254.87316	0.97095
1252.81936	0.97168
1250.76556	0.97247
1248.71176	0.97283
1246.65795	0.97301
1244.60415	0.9735
1242.55035	0.97434
1240.49655	0.97517
1238.44274	0.97569
1236.38894	0.97591
1234.33514	0.97603
1232.28134	0.97617
1230.22754	0.97629
1228.17373	0.97609
1226.11993	0.97549
1224.06613	0.97479
1222.01233	0.97419
1219.95852	0.97377
1217.90472	0.97354
1215.85092	0.97367
1213.79712	0.97425
1211.74332	0.9749
1209.68951	0.97534
1207.63571	0.97566
1205.58191	0.97598
1203.52811	0.97625
1201.4743	0.97621
1199.4205	0.97588
1197.3667	0.97567
1195.3129	0.9757
1193.25909	0.97589
1191.20529	0.9761
1189.15149	0.97611
1187.09769	0.97598
1185.04389	0.97586
1182.99008	0.97567
1180.93628	0.9752
1178.88248	0.97412
1176.82868	0.97218
1174.77487	0.96933
1172.72107	0.9654
1170.66727	0.9606
1168.61347	0.95661
1166.55967	0.95535
1164.50586	0.95694
1162.45206	0.95985
1160.39826	0.96246
1158.34446	0.96408
1156.29065	0.96496
1154.23685	0.96552
1152.18305	0.96616
1150.12925	0.96731
1148.07545	0.96895
1146.02164	0.9707
1143.96784	0.97222
1141.91404	0.97317
1139.86024	0.97362
1137.80643	0.97394
1135.75263	0.97423
1133.69883	0.97455
1131.64503	0.97475
1129.59123	0.97456
1127.53742	0.97412
1125.48362	0.97356
1123.42982	0.97276
1121.37602	0.97197
1119.32221	0.97156
1117.26841	0.97143
1115.21461	0.97127
1113.16081	0.97103
1111.10701	0.97076
1109.0532	0.97029
1106.9994	0.96923
1104.9456	0.9677
1102.8918	0.96674
1100.83799	0.96709
1098.78419	0.96826
1096.73039	0.96949
1094.67659	0.97073
1092.62279	0.97186
1090.56898	0.97238
1088.51518	0.97246
1086.46138	0.97277
1084.40758	0.97317
1082.35377	0.97327
1080.29997	0.9734
1078.24617	0.97369
1076.19237	0.97392
1074.13857	0.97411
1072.08476	0.97422
1070.03096	0.97428
1067.97716	0.97437
1065.92336	0.97441
1063.86955	0.97438
1061.81575	0.97428
1059.76195	0.97413
1057.70815	0.97399
1055.65435	0.97383
1053.60054	0.97363
1051.54674	0.97337
1049.49294	0.97298
1047.43914	0.9725
1045.38533	0.97203
1043.33153	0.97198
1041.27773	0.97249
1039.22393	0.97292
1037.17013	0.97319
1035.11632	0.97354
1033.06252	0.9737
1031.00872	0.97368
1028.95492	0.97381
1026.90111	0.97395
1024.84731	0.97382
1022.79351	0.97358
1020.73971	0.97341
1018.68591	0.97359
1016.6321	0.97425
1014.5783	0.9748
1012.5245	0.9749
1010.4707	0.97471
1008.41689	0.97418
1006.36309	0.97304
1004.30929	0.97076
1002.25549	0.96634
1000.20169	0.96018
998.14788	0.95573
996.09408	0.95664
994.04028	0.9622
991.98648	0.96835
989.93267	0.97251
987.87887	0.97457
985.82507	0.9751
983.77127	0.97461
981.71747	0.97327
979.66366	0.97055
977.60986	0.96544
975.55606	0.95852
973.50226	0.95337
971.44845	0.95401
969.39465	0.96018
967.34085	0.96743
965.28705	0.97234
963.23325	0.9748
961.17944	0.976
959.12564	0.977
957.07184	0.97795
955.01804	0.9786
952.96423	0.979
950.91043	0.9792
948.85663	0.97925
946.80283	0.97916
944.74903	0.97882
942.69522	0.97827
940.64142	0.97813
938.58762	0.97876
936.53382	0.97966
934.48001	0.98069
932.42621	0.9815
930.37241	0.98159
928.31861	0.98138
926.26481	0.98141
924.211	0.98153
922.1572	0.98166
920.1034	0.98188
918.0496	0.98205
915.99579	0.98208
913.94199	0.98206
911.88819	0.98197
909.83439	0.9816
907.78059	0.98082
905.72678	0.97952
903.67298	0.97715
901.61918	0.97383
899.56538	0.97144
897.51157	0.97186
895.45777	0.97467
893.40397	0.97803
891.35017	0.98038
889.29637	0.98136
887.24256	0.9818
885.18876	0.98206
883.13496	0.98192
881.08116	0.98126
879.02735	0.9805
876.97355	0.98037
874.91975	0.98085
872.86595	0.98132
870.81215	0.98141
868.75834	0.9812
866.70454	0.981
864.65074	0.98064
862.59694	0.97989
860.54313	0.97916
858.48933	0.97898
856.43553	0.97922
854.38173	0.97934
852.32792	0.9791
850.27412	0.97855
848.22032	0.97742
846.16652	0.97423
844.11272	0.96749
842.05891	0.96021
840.00511	0.95919
837.95131	0.96558
835.89751	0.97301
833.8437	0.97694
831.7899	0.97826
829.7361	0.97875
827.6823	0.97882
825.6285	0.97888
823.57469	0.97943
821.52089	0.98015
819.46709	0.98009
817.41329	0.97903
815.35948	0.97734
813.30568	0.97433
811.25188	0.97011
809.19808	0.96724
807.14428	0.96771
805.09047	0.97067
803.03667	0.97401
800.98287	0.97642
798.92907	0.97774
796.87526	0.97835
794.82146	0.97899
792.76766	0.97984
790.71386	0.9803
788.66006	0.98044
786.60625	0.9809
784.55245	0.98165
782.49865	0.98223
780.44485	0.98236
778.39104	0.98196
776.33724	0.98129
774.28344	0.98137
772.22964	0.9823
770.17584	0.9829
768.12203	0.98287
766.06823	0.98276
764.01443	0.98249
761.96063	0.982
759.90682	0.98204
757.85302	0.98269
755.79922	0.98281
753.74542	0.98215
751.69162	0.9817
749.63781	0.98202
747.58401	0.98269
745.53021	0.98316
743.47641	0.98349
741.4226	0.98377
739.3688	0.98344
737.315	0.98176
735.2612	0.97869
733.2074	0.97492
731.15359	0.97206
729.09979	0.97191
727.04599	0.97345
724.99219	0.97332
722.93838	0.97007
720.88458	0.96538
718.83078	0.96285
716.77698	0.96523
714.72318	0.9711
712.66937	0.97599
710.61557	0.97781
708.56177	0.97843
706.50797	0.97919
704.45416	0.98014
702.40036	0.98116
700.34656	0.98203
698.29276	0.98277
696.23896	0.98319
694.18515	0.98292
692.13135	0.98194
690.07755	0.98083
688.02375	0.98049
685.96994	0.98097
683.91614	0.98121
681.86234	0.98103
679.80854	0.98089
677.75474	0.98083
675.70093	0.98107
673.64713	0.98142
671.59333	0.98131
669.53953	0.98062
667.48572	0.98002
665.43192	0.98079
663.37812	0.98162
661.32432	0.98101
659.27052	0.97953
657.21671	0.97895
655.16291	0.97947
653.10911	0.97998
651.05531	0.98001
649.0015	0.97942
646.9477	0.97838
644.8939	0.97796
642.8401	0.97836
640.7863	0.9789
638.73249	0.97952
636.67869	0.98009
634.62489	0.9802
632.57109	0.97988
630.51728	0.97931
628.46348	0.97883
626.40968	0.97888
624.35588	0.97939
622.30208	0.97974
620.24827	0.97929
618.19447	0.97897
616.14067	0.97927
614.08687	0.97899
612.03306	0.97837
609.97926	0.97809
607.92546	0.97797
605.87166	0.9786
603.81786	0.97996
601.76405	0.98082
599.71025	0.9805
597.65645	0.97943
595.60265	0.97835
593.54884	0.97749
591.49504	0.97665
589.44124	0.97632
587.38744	0.9771
585.33364	0.97809
583.27983	0.97851
581.22603	0.97829
579.17223	0.97797
577.11843	0.978
575.06462	0.97756
573.01082	0.97695
570.95702	0.97708
568.90322	0.97678
566.84942	0.97542
564.79561	0.97463
562.74181	0.97556
560.68801	0.9775
558.63421	0.97851
556.5804	0.97789
554.5266	0.9765
552.4728	0.97612
550.419	0.97718
548.3652	0.97769
546.31139	0.97715
544.25759	0.97642
542.20379	0.97602
540.14999	0.97613
538.09618	0.97696
536.04238	0.97741
533.98858	0.97639
531.93478	0.97538
529.88098	0.9752
527.82717	0.97504
525.77337	0.9748
523.71957	0.97528
521.66577	0.97636
519.61196	0.9775
517.55816	0.97778
515.50436	0.97625
513.45056	0.97441
511.39675	0.9746
509.34295	0.97645
507.28915	0.97771
505.23535	0.97832
503.18155	0.97903
501.12774	0.97934
499.07394	0.97902
497.02014	0.97775
494.96634	0.97604
492.91253	0.97585
490.85873	0.97738
488.80493	0.97874
486.75113	0.97874
484.69733	0.97786
482.64352	0.97732
480.58972	0.97713
478.53592	0.97705
476.48212	0.97701
474.42831	0.97611
472.37451	0.97469
470.32071	0.97431
468.26691	0.97402
466.21311	0.97258
464.1593	0.97124
462.1055	0.97058
460.0517	0.96898
457.9979	0.96624
455.94409	0.96561
453.89029	0.96944
451.83649	0.97522
449.78269	0.97757
447.72889	0.9757
445.67508	0.97271
443.62128	0.97067
441.56748	0.97155
439.51368	0.97579
437.45987	0.97976
435.40607	0.97926
433.35227	0.97631
431.29847	0.97519
429.24467	0.97514
427.19086	0.97506
425.13706	0.97449
423.08326	0.97323
421.02946	0.97304
418.97565	0.97349
416.92185	0.97474
414.86805	0.97494
412.81425	0.97218
410.76045	0.9708
408.70664	0.97258
406.65284	0.9739
404.59904	0.97298
402.54524	0.9708
400.49143	0.97081
398.43763	0.97503
KMeans Clustering	1.0
Spectral Clustering	6.0
Agglomerative Clustering	4.0
