Numero de onda	Muestra 295
3996.69914	0.9899
3994.64534	0.98971
3992.59153	0.98923
3990.53773	0.98908
3988.48393	0.98934
3986.43013	0.98937
3984.37632	0.9893
3982.32252	0.98933
3980.26872	0.98913
3978.21492	0.98888
3976.16112	0.98879
3974.10731	0.98898
3972.05351	0.98948
3969.99971	0.98975
3967.94591	0.98955
3965.8921	0.98944
3963.8383	0.98949
3961.7845	0.98946
3959.7307	0.98958
3957.6769	0.98976
3955.62309	0.98964
3953.56929	0.98937
3951.51549	0.98912
3949.46169	0.98891
3947.40788	0.98886
3945.35408	0.98903
3943.30028	0.98919
3941.24648	0.98912
3939.19268	0.98911
3937.13887	0.98946
3935.08507	0.98971
3933.03127	0.98944
3930.97747	0.989
3928.92366	0.98891
3926.86986	0.98913
3924.81606	0.98931
3922.76226	0.98931
3920.70845	0.98923
3918.65465	0.98914
3916.60085	0.98915
3914.54705	0.98926
3912.49325	0.98933
3910.43944	0.98923
3908.38564	0.98901
3906.33184	0.98905
3904.27804	0.98938
3902.22423	0.98944
3900.17043	0.98918
3898.11663	0.98891
3896.06283	0.98878
3894.00903	0.98895
3891.95522	0.98928
3889.90142	0.98937
3887.84762	0.98927
3885.79382	0.98932
3883.74001	0.98964
3881.68621	0.99006
3879.63241	0.99003
3877.57861	0.98957
3875.52481	0.98943
3873.471	0.98954
3871.4172	0.98936
3869.3634	0.98923
3867.3096	0.98947
3865.25579	0.98955
3863.20199	0.98943
3861.14819	0.98955
3859.09439	0.98968
3857.04059	0.98959
3854.98678	0.98952
3852.93298	0.98984
3850.87918	0.99004
3848.82538	0.98989
3846.77157	0.9896
3844.71777	0.98916
3842.66397	0.98849
3840.61017	0.98826
3838.55637	0.98899
3836.50256	0.9896
3834.44876	0.98941
3832.39496	0.98918
3830.34116	0.98949
3828.28735	0.98994
3826.23355	0.99012
3824.17975	0.99001
3822.12595	0.98988
3820.07215	0.99019
3818.01834	0.99034
3815.96454	0.99004
3813.91074	0.98998
3811.85694	0.99015
3809.80313	0.99022
3807.74933	0.99002
3805.69553	0.98967
3803.64173	0.9895
3801.58793	0.98943
3799.53412	0.98945
3797.48032	0.98956
3795.42652	0.98973
3793.37272	0.98976
3791.31891	0.98968
3789.26511	0.98983
3787.21131	0.99007
3785.15751	0.99011
3783.10371	0.98992
3781.0499	0.98974
3778.9961	0.98971
3776.9423	0.9897
3774.8885	0.9896
3772.83469	0.98943
3770.78089	0.98939
3768.72709	0.9896
3766.67329	0.98973
3764.61949	0.98973
3762.56568	0.9897
3760.51188	0.98947
3758.45808	0.98933
3756.40428	0.98965
3754.35047	0.99011
3752.29667	0.99047
3750.24287	0.99076
3748.18907	0.99073
3746.13527	0.99051
3744.08146	0.99071
3742.02766	0.99098
3739.97386	0.99063
3737.92006	0.99001
3735.86625	0.98976
3733.81245	0.99003
3731.75865	0.99019
3729.70485	0.98996
3727.65105	0.98966
3725.59724	0.98988
3723.54344	0.99042
3721.48964	0.99068
3719.43584	0.99052
3717.38203	0.99003
3715.32823	0.98924
3713.27443	0.98846
3711.22063	0.98805
3709.16683	0.98791
3707.11302	0.9881
3705.05922	0.98844
3703.00542	0.9884
3700.95162	0.98802
3698.89781	0.98759
3696.84401	0.9874
3694.79021	0.98795
3692.73641	0.98856
3690.68261	0.98833
3688.6288	0.98798
3686.575	0.98813
3684.5212	0.98799
3682.4674	0.98751
3680.41359	0.9872
3678.35979	0.9875
3676.30599	0.98845
3674.25219	0.989
3672.19839	0.9885
3670.14458	0.98786
3668.09078	0.98781
3666.03698	0.98791
3663.98318	0.98792
3661.92937	0.98815
3659.87557	0.98815
3657.82177	0.98742
3655.76797	0.9866
3653.71417	0.9862
3651.66036	0.98574
3649.60656	0.98514
3647.55276	0.98512
3645.49896	0.98526
3643.44515	0.98499
3641.39135	0.98475
3639.33755	0.98495
3637.28375	0.98542
3635.22995	0.98569
3633.17614	0.98566
3631.12234	0.98548
3629.06854	0.98459
3627.01474	0.98353
3624.96093	0.98345
3622.90713	0.98359
3620.85333	0.98375
3618.79953	0.98401
3616.74573	0.98404
3614.69192	0.98385
3612.63812	0.98371
3610.58432	0.98373
3608.53052	0.9835
3606.47671	0.98268
3604.42291	0.98208
3602.36911	0.98224
3600.31531	0.98269
3598.26151	0.98293
3596.2077	0.98308
3594.1539	0.98337
3592.1001	0.9835
3590.0463	0.98327
3587.99249	0.98306
3585.93869	0.98312
3583.88489	0.9834
3581.83109	0.9837
3579.77728	0.9838
3577.72348	0.98362
3575.66968	0.98317
3573.61588	0.98291
3571.56208	0.98309
3569.50827	0.98316
3567.45447	0.98285
3565.40067	0.98267
3563.34687	0.9828
3561.29306	0.98286
3559.23926	0.98278
3557.18546	0.98265
3555.13166	0.98246
3553.07786	0.98204
3551.02405	0.98145
3548.97025	0.9811
3546.91645	0.98086
3544.86265	0.98077
3542.80884	0.98096
3540.75504	0.981
3538.70124	0.98073
3536.64744	0.98049
3534.59364	0.98044
3532.53983	0.98028
3530.48603	0.98003
3528.43223	0.98002
3526.37843	0.97993
3524.32462	0.97964
3522.27082	0.97973
3520.21702	0.98001
3518.16322	0.97982
3516.10942	0.97938
3514.05561	0.9791
3512.00181	0.97885
3509.94801	0.97867
3507.89421	0.97878
3505.8404	0.9791
3503.7866	0.97909
3501.7328	0.97877
3499.679	0.97865
3497.6252	0.9787
3495.57139	0.97876
3493.51759	0.97892
3491.46379	0.97884
3489.40999	0.97835
3487.35618	0.97789
3485.30238	0.97782
3483.24858	0.97795
3481.19478	0.97804
3479.14098	0.97794
3477.08717	0.97758
3475.03337	0.9772
3472.97957	0.97699
3470.92577	0.97672
3468.87196	0.97674
3466.81816	0.97714
3464.76436	0.97707
3462.71056	0.97652
3460.65676	0.97609
3458.60295	0.9758
3456.54915	0.97564
3454.49535	0.97565
3452.44155	0.97583
3450.38774	0.97604
3448.33394	0.97617
3446.28014	0.97623
3444.22634	0.97605
3442.17254	0.97591
3440.11873	0.97601
3438.06493	0.97602
3436.01113	0.9761
3433.95733	0.97639
3431.90352	0.97634
3429.84972	0.97591
3427.79592	0.97547
3425.74212	0.97518
3423.68832	0.97509
3421.63451	0.97516
3419.58071	0.97528
3417.52691	0.97533
3415.47311	0.97539
3413.4193	0.97537
3411.3655	0.9752
3409.3117	0.97506
3407.2579	0.97477
3405.2041	0.9744
3403.15029	0.97427
3401.09649	0.9743
3399.04269	0.9745
3396.98889	0.97487
3394.93508	0.97511
3392.88128	0.97503
3390.82748	0.97477
3388.77368	0.97461
3386.71988	0.97454
3384.66607	0.97454
3382.61227	0.97472
3380.55847	0.97497
3378.50467	0.97493
3376.45086	0.97465
3374.39706	0.97441
3372.34326	0.97428
3370.28946	0.97436
3368.23566	0.97456
3366.18185	0.97462
3364.12805	0.97456
3362.07425	0.97435
3360.02045	0.97409
3357.96664	0.97406
3355.91284	0.97408
3353.85904	0.974
3351.80524	0.97386
3349.75144	0.97382
3347.69763	0.97413
3345.64383	0.97459
3343.59003	0.97486
3341.53623	0.97479
3339.48242	0.97448
3337.42862	0.97422
3335.37482	0.97412
3333.32102	0.974
3331.26722	0.97395
3329.21341	0.97408
3327.15961	0.9741
3325.10581	0.97401
3323.05201	0.97412
3320.9982	0.97437
3318.9444	0.97444
3316.8906	0.97453
3314.8368	0.97472
3312.783	0.9747
3310.72919	0.97443
3308.67539	0.97422
3306.62159	0.97434
3304.56779	0.97458
3302.51398	0.97448
3300.46018	0.97406
3298.40638	0.97382
3296.35258	0.97402
3294.29878	0.9744
3292.24497	0.97475
3290.19117	0.97498
3288.13737	0.97505
3286.08357	0.97509
3284.02976	0.97525
3281.97596	0.97538
3279.92216	0.97534
3277.86836	0.97521
3275.81456	0.97519
3273.76075	0.97531
3271.70695	0.97532
3269.65315	0.97544
3267.59935	0.97601
3265.54554	0.97652
3263.49174	0.97649
3261.43794	0.97616
3259.38414	0.97594
3257.33034	0.97598
3255.27653	0.9762
3253.22273	0.97638
3251.16893	0.97644
3249.11513	0.97636
3247.06132	0.97627
3245.00752	0.97626
3242.95372	0.97612
3240.89992	0.97601
3238.84611	0.97631
3236.79231	0.97677
3234.73851	0.97674
3232.68471	0.9764
3230.63091	0.97653
3228.5771	0.97695
3226.5233	0.97711
3224.4695	0.97705
3222.4157	0.97714
3220.36189	0.97751
3218.30809	0.97776
3216.25429	0.97774
3214.20049	0.97769
3212.14669	0.97777
3210.09288	0.9778
3208.03908	0.97774
3205.98528	0.97781
3203.93148	0.97797
3201.87767	0.97811
3199.82387	0.97839
3197.77007	0.97865
3195.71627	0.97869
3193.66247	0.9786
3191.60866	0.97849
3189.55486	0.97868
3187.50106	0.97904
3185.44726	0.97915
3183.39345	0.979
3181.33965	0.9791
3179.28585	0.97936
3177.23205	0.97915
3175.17825	0.97882
3173.12444	0.97887
3171.07064	0.97908
3169.01684	0.97938
3166.96304	0.97976
3164.90923	0.97989
3162.85543	0.97983
3160.80163	0.97984
3158.74783	0.97981
3156.69403	0.97983
3154.64022	0.98011
3152.58642	0.98028
3150.53262	0.9801
3148.47882	0.98002
3146.42501	0.98007
3144.37121	0.98007
3142.31741	0.98016
3140.26361	0.98039
3138.20981	0.98059
3136.156	0.98061
3134.1022	0.98059
3132.0484	0.9805
3129.9946	0.98026
3127.94079	0.98033
3125.88699	0.98087
3123.83319	0.9812
3121.77939	0.98116
3119.72559	0.98099
3117.67178	0.98082
3115.61798	0.98062
3113.56418	0.98048
3111.51038	0.98046
3109.45657	0.98043
3107.40277	0.98034
3105.34897	0.98033
3103.29517	0.98037
3101.24137	0.98035
3099.18756	0.98029
3097.13376	0.98013
3095.07996	0.9799
3093.02616	0.97972
3090.97235	0.97963
3088.91855	0.97968
3086.86475	0.97963
3084.81095	0.97938
3082.75715	0.97908
3080.70334	0.97877
3078.64954	0.97865
3076.59574	0.97879
3074.54194	0.97898
3072.48813	0.97921
3070.43433	0.97936
3068.38053	0.97931
3066.32673	0.97915
3064.27293	0.97903
3062.21912	0.97884
3060.16532	0.97847
3058.11152	0.97827
3056.05772	0.97839
3054.00391	0.97855
3051.95011	0.97863
3049.89631	0.97863
3047.84251	0.97851
3045.78871	0.97822
3043.7349	0.9779
3041.6811	0.97769
3039.6273	0.9775
3037.5735	0.97742
3035.51969	0.97736
3033.46589	0.9772
3031.41209	0.97706
3029.35829	0.97681
3027.30449	0.97658
3025.25068	0.9766
3023.19688	0.97661
3021.14308	0.97633
3019.08928	0.97598
3017.03547	0.97574
3014.98167	0.97551
3012.92787	0.97543
3010.87407	0.9754
3008.82027	0.97519
3006.76646	0.97483
3004.71266	0.97436
3002.65886	0.97391
3000.60506	0.97356
2998.55125	0.97325
2996.49745	0.97306
2994.44365	0.97282
2992.38985	0.97231
2990.33605	0.97156
2988.28224	0.97054
2986.22844	0.96916
2984.17464	0.96767
2982.12084	0.96617
2980.06703	0.96437
2978.01323	0.96201
2975.95943	0.95923
2973.90563	0.95628
2971.85183	0.95295
2969.79802	0.94886
2967.74422	0.94431
2965.69042	0.9396
2963.63662	0.93453
2961.58281	0.92936
2959.52901	0.92459
2957.47521	0.92029
2955.42141	0.91636
2953.36761	0.91256
2951.3138	0.90865
2949.26	0.904
2947.2062	0.89725
2945.1524	0.88732
2943.09859	0.87393
2941.04479	0.85703
2938.99099	0.83665
2936.93719	0.81298
2934.88339	0.78625
2932.82958	0.7563
2930.77578	0.72261
2928.72198	0.68444
2926.66818	0.64086
2924.61437	0.59107
2922.56057	0.53535
2920.50677	0.47741
2918.45297	0.42563
2916.39917	0.39178
2914.34536	0.38578
2912.29156	0.40782
2910.23776	0.44781
2908.18396	0.49315
2906.13015	0.53518
2904.07635	0.57041
2902.02255	0.5988
2899.96875	0.62226
2897.91494	0.64298
2895.86114	0.66217
2893.80734	0.68074
2891.75354	0.69954
2889.69974	0.71863
2887.64593	0.73782
2885.59213	0.75694
2883.53833	0.77552
2881.48453	0.793
2879.43072	0.809
2877.37692	0.82314
2875.32312	0.83453
2873.26932	0.84227
2871.21552	0.84642
2869.16171	0.84746
2867.10791	0.84485
2865.05411	0.8369
2863.00031	0.82187
2860.9465	0.79796
2858.8927	0.76273
2856.8389	0.71278
2854.7851	0.64475
2852.7313	0.56068
2850.67749	0.47808
2848.62369	0.42994
2846.56989	0.43976
2844.51609	0.49937
2842.46228	0.58063
2840.40848	0.65953
2838.35468	0.72475
2836.30088	0.77459
2834.24708	0.81166
2832.19327	0.83928
2830.13947	0.86007
2828.08567	0.876
2826.03187	0.88855
2823.97806	0.8988
2821.92426	0.90732
2819.87046	0.91437
2817.81666	0.92033
2815.76286	0.92539
2813.70905	0.9296
2811.65525	0.93326
2809.60145	0.93664
2807.54765	0.93968
2805.49384	0.94225
2803.44004	0.9444
2801.38624	0.94635
2799.33244	0.94834
2797.27864	0.95034
2795.22483	0.95228
2793.17103	0.95421
2791.11723	0.95596
2789.06343	0.95743
2787.00962	0.95865
2784.95582	0.95971
2782.90202	0.96091
2780.84822	0.96217
2778.79442	0.96316
2776.74061	0.96408
2774.68681	0.96511
2772.63301	0.96592
2770.57921	0.9664
2768.5254	0.96686
2766.4716	0.9675
2764.4178	0.96811
2762.364	0.96852
2760.3102	0.96883
2758.25639	0.96924
2756.20259	0.96963
2754.14879	0.96979
2752.09499	0.96992
2750.04118	0.97019
2747.98738	0.97049
2745.93358	0.9707
2743.87978	0.97092
2741.82598	0.97123
2739.77217	0.97142
2737.71837	0.97138
2735.66457	0.97133
2733.61077	0.9714
2731.55696	0.97164
2729.50316	0.97205
2727.44936	0.97235
2725.39556	0.97245
2723.34176	0.97266
2721.28795	0.97306
2719.23415	0.97345
2717.18035	0.97374
2715.12655	0.97385
2713.07274	0.9739
2711.01894	0.97408
2708.96514	0.97439
2706.91134	0.97466
2704.85754	0.97466
2702.80373	0.9746
2700.74993	0.97479
2698.69613	0.97493
2696.64233	0.97485
2694.58852	0.97502
2692.53472	0.97535
2690.48092	0.9754
2688.42712	0.97524
2686.37332	0.9752
2684.31951	0.97526
2682.26571	0.97518
2680.21191	0.97492
2678.15811	0.97471
2676.1043	0.97471
2674.0505	0.97473
2671.9967	0.97448
2669.9429	0.97409
2667.8891	0.97386
2665.83529	0.97388
2663.78149	0.97404
2661.72769	0.97407
2659.67389	0.97403
2657.62008	0.97411
2655.56628	0.97431
2653.51248	0.97449
2651.45868	0.97438
2649.40488	0.97411
2647.35107	0.97395
2645.29727	0.97389
2643.24347	0.97396
2641.18967	0.97401
2639.13586	0.97388
2637.08206	0.97387
2635.02826	0.97395
2632.97446	0.97382
2630.92066	0.97399
2628.86685	0.97472
2626.81305	0.97549
2624.75925	0.97603
2622.70545	0.97627
2620.65164	0.9763
2618.59784	0.97659
2616.54404	0.97717
2614.49024	0.97764
2612.43644	0.97786
2610.38263	0.97799
2608.32883	0.97826
2606.27503	0.97859
2604.22123	0.97896
2602.16742	0.97957
2600.11362	0.98005
2598.05982	0.98004
2596.00602	0.97989
2593.95222	0.98017
2591.89841	0.98058
2589.84461	0.98056
2587.79081	0.98033
2585.73701	0.98044
2583.6832	0.98086
2581.6294	0.98117
2579.5756	0.98129
2577.5218	0.98148
2575.468	0.98177
2573.41419	0.98212
2571.36039	0.98252
2569.30659	0.98273
2567.25279	0.98265
2565.19898	0.98258
2563.14518	0.98259
2561.09138	0.9825
2559.03758	0.98251
2556.98377	0.9827
2554.92997	0.98267
2552.87617	0.98248
2550.82237	0.9826
2548.76857	0.98311
2546.71476	0.98365
2544.66096	0.9839
2542.60716	0.98391
2540.55336	0.98373
2538.49955	0.98354
2536.44575	0.9836
2534.39195	0.98371
2532.33815	0.98359
2530.28435	0.9834
2528.23054	0.98359
2526.17674	0.98413
2524.12294	0.98438
2522.06914	0.9842
2520.01533	0.98419
2517.96153	0.98437
2515.90773	0.98448
2513.85393	0.98447
2511.80013	0.9845
2509.74632	0.98486
2507.69252	0.98554
2505.63872	0.9859
2503.58492	0.98573
2501.53111	0.98559
2499.47731	0.98568
2497.42351	0.98586
2495.36971	0.98601
2493.31591	0.98606
2491.2621	0.98621
2489.2083	0.9866
2487.1545	0.98681
2485.1007	0.98667
2483.04689	0.98644
2480.99309	0.98622
2478.93929	0.98623
2476.88549	0.98634
2474.83169	0.98632
2472.77788	0.9866
2470.72408	0.98689
2468.67028	0.98673
2466.61648	0.98667
2464.56267	0.98699
2462.50887	0.98735
2460.45507	0.98745
2458.40127	0.98732
2456.34747	0.98716
2454.29366	0.98702
2452.23986	0.98687
2450.18606	0.98699
2448.13226	0.98737
2446.07845	0.98763
2444.02465	0.98768
2441.97085	0.98748
2439.91705	0.9872
2437.86325	0.98705
2435.80944	0.98684
2433.75564	0.98662
2431.70184	0.98666
2429.64804	0.98699
2427.59423	0.98731
2425.54043	0.98739
2423.48663	0.98732
2421.43283	0.98726
2419.37903	0.98737
2417.32522	0.98746
2415.27142	0.98723
2413.21762	0.9869
2411.16382	0.98675
2409.11001	0.98669
2407.05621	0.98675
2405.00241	0.98714
2402.94861	0.98753
2400.89481	0.98758
2398.841	0.98764
2396.7872	0.98773
2394.7334	0.98769
2392.6796	0.98756
2390.62579	0.98729
2388.57199	0.98702
2386.51819	0.98689
2384.46439	0.98694
2382.41059	0.98714
2380.35678	0.98733
2378.30298	0.98736
2376.24918	0.98722
2374.19538	0.98704
2372.14157	0.98709
2370.08777	0.98765
2368.03397	0.98843
2365.98017	0.9883
2363.92637	0.98782
2361.87256	0.98789
2359.81876	0.98791
2357.76496	0.98772
2355.71116	0.9872
2353.65735	0.98652
2351.60355	0.98654
2349.54975	0.98684
2347.49595	0.98678
2345.44215	0.98666
2343.38834	0.98636
2341.33454	0.9854
2339.28074	0.98445
2337.22694	0.98399
2335.17313	0.98395
2333.11933	0.98435
2331.06553	0.98487
2329.01173	0.98473
2326.95793	0.98386
2324.90412	0.98327
2322.85032	0.98357
2320.79652	0.98454
2318.74272	0.98573
2316.68891	0.98655
2314.63511	0.98661
2312.58131	0.98617
2310.52751	0.98582
2308.47371	0.98584
2306.4199	0.98597
2304.3661	0.98613
2302.3123	0.9863
2300.2585	0.98622
2298.20469	0.98604
2296.15089	0.9859
2294.09709	0.9857
2292.04329	0.98545
2289.98949	0.98527
2287.93568	0.9853
2285.88188	0.98545
2283.82808	0.98585
2281.77428	0.98645
2279.72047	0.98658
2277.66667	0.98624
2275.61287	0.98626
2273.55907	0.98669
2271.50527	0.98691
2269.45146	0.98699
2267.39766	0.98719
2265.34386	0.98773
2263.29006	0.98864
2261.23625	0.98919
2259.18245	0.9891
2257.12865	0.98882
2255.07485	0.98865
2253.02105	0.98883
2250.96724	0.98909
2248.91344	0.98886
2246.85964	0.98838
2244.80584	0.98821
2242.75203	0.98829
2240.69823	0.98825
2238.64443	0.98827
2236.59063	0.98891
2234.53683	0.98972
2232.48302	0.98988
2230.42922	0.98964
2228.37542	0.98914
2226.32162	0.98845
2224.26781	0.98828
2222.21401	0.98837
2220.16021	0.98869
2218.10641	0.98969
2216.0526	0.99025
2213.9988	0.98959
2211.945	0.98869
2209.8912	0.98839
2207.8374	0.98818
2205.78359	0.98741
2203.72979	0.98693
2201.67599	0.98737
2199.62219	0.98772
2197.56838	0.98832
2195.51458	0.98978
2193.46078	0.98997
2191.40698	0.98886
2189.35318	0.98865
2187.29937	0.98921
2185.24557	0.98973
2183.19177	0.98985
2181.13797	0.98952
2179.08416	0.98943
2177.03036	0.98967
2174.97656	0.98952
2172.92276	0.98863
2170.86896	0.98788
2168.81515	0.98852
2166.76135	0.98953
2164.70755	0.98873
2162.65375	0.98719
2160.59994	0.98873
2158.54614	0.99356
2156.49234	0.99624
2154.43854	0.99508
2152.38474	0.99257
2150.33093	0.99055
2148.27713	0.99015
2146.22333	0.99049
2144.16953	0.99096
2142.11572	0.99208
2140.06192	0.99288
2138.00812	0.99254
2135.95432	0.99212
2133.90052	0.99225
2131.84671	0.99203
2129.79291	0.99116
2127.73911	0.99049
2125.68531	0.99039
2123.6315	0.99043
2121.5777	0.99045
2119.5239	0.99063
2117.4701	0.99069
2115.4163	0.99003
2113.36249	0.98894
2111.30869	0.98831
2109.25489	0.98861
2107.20109	0.98956
2105.14728	0.99018
2103.09348	0.98985
2101.03968	0.989
2098.98588	0.98847
2096.93208	0.98898
2094.87827	0.99033
2092.82447	0.99142
2090.77067	0.99143
2088.71687	0.99066
2086.66306	0.98995
2084.60926	0.9897
2082.55546	0.98935
2080.50166	0.98867
2078.44786	0.98853
2076.39405	0.98927
2074.34025	0.98932
2072.28645	0.9879
2070.23265	0.98719
2068.17884	0.98822
2066.12504	0.98893
2064.07124	0.98838
2062.01744	0.98781
2059.96364	0.98795
2057.90983	0.98853
2055.85603	0.98947
2053.80223	0.99021
2051.74843	0.98942
2049.69462	0.98777
2047.64082	0.98736
2045.58702	0.98816
2043.53322	0.98845
2041.47942	0.98818
2039.42561	0.98853
2037.37181	0.98877
2035.31801	0.9884
2033.26421	0.9889
2031.2104	0.99005
2029.1566	0.98957
2027.1028	0.98763
2025.049	0.98727
2022.9952	0.98903
2020.94139	0.99033
2018.88759	0.99085
2016.83379	0.99124
2014.77999	0.99069
2012.72618	0.98888
2010.67238	0.98717
2008.61858	0.98756
2006.56478	0.98932
2004.51098	0.99042
2002.45717	0.99101
2000.40337	0.99122
1998.34957	0.99042
1996.29577	0.98963
1994.24196	0.98985
1992.18816	0.9906
1990.13436	0.99097
1988.08056	0.99058
1986.02676	0.99006
1983.97295	0.98989
1981.91915	0.98909
1979.86535	0.98735
1977.81155	0.98717
1975.75774	0.98913
1973.70394	0.99018
1971.65014	0.99
1969.59634	0.98964
1967.54254	0.989
1965.48873	0.98889
1963.43493	0.98907
1961.38113	0.98901
1959.32733	0.98946
1957.27352	0.98967
1955.21972	0.9895
1953.16592	0.98955
1951.11212	0.98921
1949.05832	0.98888
1947.00451	0.98926
1944.95071	0.98971
1942.89691	0.98937
1940.84311	0.98845
1938.7893	0.98805
1936.7355	0.98827
1934.6817	0.98815
1932.6279	0.98776
1930.5741	0.9878
1928.52029	0.98823
1926.46649	0.98878
1924.41269	0.9891
1922.35889	0.98897
1920.30508	0.98865
1918.25128	0.98858
1916.19748	0.98883
1914.14368	0.98926
1912.08988	0.98941
1910.03607	0.98911
1907.98227	0.98871
1905.92847	0.98828
1903.87467	0.98792
1901.82086	0.98772
1899.76706	0.98741
1897.71326	0.98698
1895.65946	0.98676
1893.60566	0.98692
1891.55185	0.98736
1889.49805	0.98779
1887.44425	0.98793
1885.39045	0.98807
1883.33664	0.98827
1881.28284	0.98815
1879.22904	0.98799
1877.17524	0.98813
1875.12143	0.98808
1873.06763	0.98772
1871.01383	0.98737
1868.96003	0.98721
1866.90623	0.98749
1864.85242	0.98756
1862.79862	0.98701
1860.74482	0.9866
1858.69102	0.98675
1856.63721	0.98707
1854.58341	0.9874
1852.52961	0.98757
1850.47581	0.98741
1848.42201	0.98715
1846.3682	0.98705
1844.3144	0.98727
1842.2606	0.98753
1840.2068	0.98736
1838.15299	0.98719
1836.09919	0.98752
1834.04539	0.98793
1831.99159	0.9878
1829.93779	0.98715
1827.88398	0.98651
1825.83018	0.98631
1823.77638	0.98649
1821.72258	0.98665
1819.66877	0.9868
1817.61497	0.98707
1815.56117	0.98721
1813.50737	0.9869
1811.45357	0.98627
1809.39976	0.98569
1807.34596	0.98532
1805.29216	0.98503
1803.23836	0.98454
1801.18455	0.98385
1799.13075	0.98337
1797.07695	0.98312
1795.02315	0.98284
1792.96935	0.98221
1790.91554	0.9811
1788.86174	0.98008
1786.80794	0.97945
1784.75414	0.97909
1782.70033	0.97889
1780.64653	0.97866
1778.59273	0.97854
1776.53893	0.97854
1774.48513	0.97836
1772.43132	0.97807
1770.37752	0.97773
1768.32372	0.97739
1766.26992	0.97725
1764.21611	0.97725
1762.16231	0.97701
1760.10851	0.97645
1758.05471	0.97575
1756.00091	0.97498
1753.9471	0.97425
1751.8933	0.97311
1749.8395	0.97126
1747.7857	0.96913
1745.73189	0.96667
1743.67809	0.96393
1741.62429	0.96144
1739.57049	0.9595
1737.51669	0.95839
1735.46288	0.9577
1733.40908	0.95688
1731.35528	0.95573
1729.30148	0.95373
1727.24767	0.94994
1725.19387	0.94382
1723.14007	0.93638
1721.08627	0.93027
1719.03247	0.92552
1716.97866	0.92039
1714.92486	0.91664
1712.87106	0.91593
1710.81726	0.91769
1708.76345	0.92121
1706.70965	0.92625
1704.65585	0.93221
1702.60205	0.93715
1700.54825	0.94177
1698.49444	0.94625
1696.44064	0.95009
1694.38684	0.954
1692.33304	0.95676
1690.27923	0.95861
1688.22543	0.96005
1686.17163	0.96096
1684.11783	0.96146
1682.06403	0.96182
1680.01022	0.96194
1677.95642	0.96194
1675.90262	0.96185
1673.84882	0.96155
1671.79501	0.96124
1669.74121	0.96084
1667.68741	0.96046
1665.63361	0.96032
1663.57981	0.9601
1661.526	0.95962
1659.4722	0.95925
1657.4184	0.95915
1655.3646	0.95901
1653.31079	0.95844
1651.25699	0.95824
1649.20319	0.95857
1647.14939	0.95895
1645.09559	0.95918
1643.04178	0.95915
1640.98798	0.95913
1638.93418	0.95907
1636.88038	0.95891
1634.82657	0.95916
1632.77277	0.95974
1630.71897	0.96022
1628.66517	0.9606
1626.61137	0.961
1624.55756	0.96148
1622.50376	0.96215
1620.44996	0.96276
1618.39616	0.96316
1616.34235	0.96349
1614.28855	0.96389
1612.23475	0.96432
1610.18095	0.96472
1608.12715	0.96507
1606.07334	0.96529
1604.01954	0.96543
1601.96574	0.96546
1599.91194	0.96546
1597.85813	0.96558
1595.80433	0.96577
1593.75053	0.96578
1591.69673	0.96565
1589.64293	0.96546
1587.58912	0.96515
1585.53532	0.96475
1583.48152	0.9645
1581.42772	0.96435
1579.37391	0.96412
1577.32011	0.96362
1575.26631	0.96271
1573.21251	0.96195
1571.15871	0.96149
1569.1049	0.96108
1567.0511	0.96062
1564.9973	0.96006
1562.9435	0.95949
1560.88969	0.95896
1558.83589	0.95808
1556.78209	0.95707
1554.72829	0.95617
1552.67449	0.95518
1550.62068	0.95423
1548.56688	0.95337
1546.51308	0.95261
1544.45928	0.95177
1542.40547	0.95067
1540.35167	0.94901
1538.29787	0.94752
1536.24407	0.94668
1534.19026	0.94577
1532.13646	0.94483
1530.08266	0.94397
1528.02886	0.94304
1525.97506	0.94229
1523.92125	0.94173
1521.86745	0.94038
1519.81365	0.93854
1517.75985	0.93748
1515.70604	0.93709
1513.65224	0.93673
1511.59844	0.93603
1509.54464	0.93513
1507.49084	0.93394
1505.43703	0.93285
1503.38323	0.9323
1501.32943	0.93153
1499.27563	0.93026
1497.22182	0.92857
1495.16802	0.92682
1493.11422	0.92559
1491.06042	0.92429
1489.00662	0.92217
1486.95281	0.91955
1484.89901	0.91689
1482.84521	0.91334
1480.79141	0.90706
1478.7376	0.89389
1476.6838	0.86129
1474.63	0.79861
1472.5762	0.73416
1470.5224	0.7182
1468.46859	0.72891
1466.41479	0.73298
1464.36099	0.72937
1462.30719	0.73935
1460.25338	0.76815
1458.19958	0.80436
1456.14578	0.83363
1454.09198	0.84984
1452.03818	0.86189
1449.98437	0.8725
1447.93057	0.88087
1445.87677	0.88669
1443.82297	0.89053
1441.76916	0.89385
1439.71536	0.89703
1437.66156	0.90027
1435.60776	0.90386
1433.55396	0.9072
1431.50015	0.91057
1429.44635	0.91422
1427.39255	0.91736
1425.33875	0.9197
1423.28494	0.92151
1421.23114	0.92276
1419.17734	0.92345
1417.12354	0.9236
1415.06974	0.92366
1413.01593	0.92406
1410.96213	0.92516
1408.90833	0.92707
1406.85453	0.92963
1404.80072	0.93282
1402.74692	0.93598
1400.69312	0.93869
1398.63932	0.94115
1396.58552	0.94321
1394.53171	0.94487
1392.47791	0.94619
1390.42411	0.947
1388.37031	0.94716
1386.3165	0.94649
1384.2627	0.94474
1382.2089	0.94164
1380.1551	0.93763
1378.1013	0.9345
1376.04749	0.93373
1373.99369	0.9346
1371.93989	0.93546
1369.88609	0.93605
1367.83228	0.93669
1365.77848	0.93743
1363.72468	0.93862
1361.67088	0.94054
1359.61708	0.94252
1357.56327	0.94393
1355.50947	0.94475
1353.45567	0.94522
1351.40187	0.94573
1349.34806	0.94659
1347.29426	0.94783
1345.24046	0.94913
1343.18666	0.9502
1341.13286	0.95109
1339.07905	0.95213
1337.02525	0.95348
1334.97145	0.95474
1332.91765	0.95545
1330.86384	0.95566
1328.81004	0.95555
1326.75624	0.95522
1324.70244	0.95478
1322.64864	0.95416
1320.59483	0.95347
1318.54103	0.95295
1316.48723	0.95245
1314.43343	0.95185
1312.37962	0.95112
1310.32582	0.95034
1308.27202	0.94979
1306.21822	0.94948
1304.16442	0.94911
1302.11061	0.94864
1300.05681	0.94833
1298.00301	0.94819
1295.94921	0.94814
1293.8954	0.94823
1291.8416	0.94842
1289.7878	0.94869
1287.734	0.94911
1285.6802	0.94954
1283.62639	0.94994
1281.57259	0.95028
1279.51879	0.95047
1277.46499	0.95055
1275.41118	0.95056
1273.35738	0.95053
1271.30358	0.95067
1269.24978	0.9509
1267.19598	0.95099
1265.14217	0.95082
1263.08837	0.95029
1261.03457	0.94969
1258.98077	0.94936
1256.92696	0.94913
1254.87316	0.94881
1252.81936	0.94852
1250.76556	0.94838
1248.71176	0.94831
1246.65795	0.94814
1244.60415	0.94797
1242.55035	0.94789
1240.49655	0.94789
1238.44274	0.94801
1236.38894	0.94816
1234.33514	0.94804
1232.28134	0.9477
1230.22754	0.94755
1228.17373	0.94771
1226.11993	0.94786
1224.06613	0.94786
1222.01233	0.94781
1219.95852	0.9478
1217.90472	0.94779
1215.85092	0.94771
1213.79712	0.94764
1211.74332	0.94764
1209.68951	0.9475
1207.63571	0.9472
1205.58191	0.94709
1203.52811	0.94708
1201.4743	0.94686
1199.4205	0.94656
1197.3667	0.94632
1195.3129	0.94607
1193.25909	0.94575
1191.20529	0.9454
1189.15149	0.9451
1187.09769	0.94483
1185.04389	0.94431
1182.99008	0.94341
1180.93628	0.94252
1178.88248	0.94175
1176.82868	0.94092
1174.77487	0.94013
1172.72107	0.93935
1170.66727	0.93875
1168.61347	0.93843
1166.55967	0.93823
1164.50586	0.93795
1162.45206	0.9376
1160.39826	0.93755
1158.34446	0.93804
1156.29065	0.93868
1154.23685	0.93903
1152.18305	0.93911
1150.12925	0.93915
1148.07545	0.93917
1146.02164	0.93894
1143.96784	0.93842
1141.91404	0.93791
1139.86024	0.93756
1137.80643	0.93706
1135.75263	0.9361
1133.69883	0.93504
1131.64503	0.93425
1129.59123	0.93335
1127.53742	0.93204
1125.48362	0.93066
1123.42982	0.92936
1121.37602	0.92795
1119.32221	0.92653
1117.26841	0.92531
1115.21461	0.9242
1113.16081	0.92302
1111.10701	0.92186
1109.0532	0.92072
1106.9994	0.91952
1104.9456	0.91853
1102.8918	0.91781
1100.83799	0.91695
1098.78419	0.91576
1096.73039	0.91458
1094.67659	0.91356
1092.62279	0.91243
1090.56898	0.91122
1088.51518	0.91032
1086.46138	0.90944
1084.40758	0.90823
1082.35377	0.90709
1080.29997	0.90643
1078.24617	0.90604
1076.19237	0.90561
1074.13857	0.90516
1072.08476	0.90455
1070.03096	0.90369
1067.97716	0.90274
1065.92336	0.9018
1063.86955	0.90095
1061.81575	0.90027
1059.76195	0.89954
1057.70815	0.89848
1055.65435	0.89737
1053.60054	0.8964
1051.54674	0.89552
1049.49294	0.89474
1047.43914	0.89385
1045.38533	0.89281
1043.33153	0.89163
1041.27773	0.8906
1039.22393	0.89012
1037.17013	0.89002
1035.11632	0.88991
1033.06252	0.88981
1031.00872	0.89009
1028.95492	0.89086
1026.90111	0.89175
1024.84731	0.8927
1022.79351	0.89375
1020.73971	0.8948
1018.68591	0.89606
1016.6321	0.89751
1014.5783	0.89889
1012.5245	0.90013
1010.4707	0.90106
1008.41689	0.90188
1006.36309	0.90317
1004.30929	0.90484
1002.25549	0.90658
1000.20169	0.90848
998.14788	0.9104
996.09408	0.91228
994.04028	0.91444
991.98648	0.91659
989.93267	0.9183
987.87887	0.91998
985.82507	0.92212
983.77127	0.92427
981.71747	0.92582
979.66366	0.92705
977.60986	0.92838
975.55606	0.9296
973.50226	0.93095
971.44845	0.93256
969.39465	0.93404
967.34085	0.93532
965.28705	0.93636
963.23325	0.93721
961.17944	0.93818
959.12564	0.93909
957.07184	0.93967
955.01804	0.94016
952.96423	0.94082
950.91043	0.94144
948.85663	0.94184
946.80283	0.94211
944.74903	0.94229
942.69522	0.94254
940.64142	0.943
938.58762	0.94345
936.53382	0.94373
934.48001	0.94396
932.42621	0.94423
930.37241	0.94459
928.31861	0.94508
926.26481	0.94548
924.211	0.94568
922.1572	0.94597
920.1034	0.94607
918.0496	0.94574
915.99579	0.94544
913.94199	0.94526
911.88819	0.9452
909.83439	0.94535
907.78059	0.94588
905.72678	0.94702
903.67298	0.94839
901.61918	0.94948
899.56538	0.95035
897.51157	0.95121
895.45777	0.952
893.40397	0.95251
891.35017	0.95291
889.29637	0.95336
887.24256	0.95352
885.18876	0.95308
883.13496	0.95207
881.08116	0.95033
879.02735	0.94777
876.97355	0.94545
874.91975	0.94514
872.86595	0.94719
870.81215	0.94998
868.75834	0.95162
866.70454	0.95147
864.65074	0.95012
862.59694	0.94836
860.54313	0.94632
858.48933	0.94426
856.43553	0.94368
854.38173	0.9464
852.32792	0.95174
850.27412	0.95632
848.22032	0.95841
846.16652	0.95883
844.11272	0.95895
842.05891	0.95947
840.00511	0.95969
837.95131	0.95937
835.89751	0.95906
833.8437	0.95888
831.7899	0.95909
829.7361	0.95943
827.6823	0.95942
825.6285	0.95918
823.57469	0.95867
821.52089	0.95787
819.46709	0.95751
817.41329	0.95789
815.35948	0.95826
813.30568	0.95811
811.25188	0.95737
809.19808	0.95609
807.14428	0.95489
805.09047	0.954
803.03667	0.95299
800.98287	0.95206
798.92907	0.95168
796.87526	0.9518
794.82146	0.95214
792.76766	0.95254
790.71386	0.95287
788.66006	0.95282
786.60625	0.95247
784.55245	0.952
782.49865	0.95154
780.44485	0.95143
778.39104	0.95149
776.33724	0.95142
774.28344	0.95146
772.22964	0.95155
770.17584	0.95142
768.12203	0.9514
766.06823	0.95174
764.01443	0.95191
761.96063	0.95157
759.90682	0.95116
757.85302	0.95065
755.79922	0.94999
753.74542	0.94956
751.69162	0.94915
749.63781	0.94838
747.58401	0.94751
745.53021	0.94655
743.47641	0.94497
741.4226	0.94244
739.3688	0.93843
737.315	0.93135
735.2612	0.91582
733.2074	0.88349
731.15359	0.84314
729.09979	0.82327
727.04599	0.82702
724.99219	0.82506
722.93838	0.79661
720.88458	0.7475
718.83078	0.71302
716.77698	0.72602
714.72318	0.77716
712.66937	0.83419
710.61557	0.876
708.56177	0.9006
706.50797	0.91393
704.45416	0.92164
702.40036	0.92666
700.34656	0.9303
698.29276	0.93346
696.23896	0.93596
694.18515	0.93746
692.13135	0.93849
690.07755	0.93928
688.02375	0.93979
685.96994	0.94061
683.91614	0.94128
681.86234	0.94113
679.80854	0.94117
677.75474	0.94155
675.70093	0.94134
673.64713	0.94148
671.59333	0.94289
669.53953	0.94488
667.48572	0.94579
665.43192	0.94535
663.37812	0.94495
661.32432	0.94464
659.27052	0.9443
657.21671	0.94438
655.16291	0.94494
653.10911	0.94475
651.05531	0.94384
649.0015	0.94316
646.9477	0.94306
644.8939	0.94354
642.8401	0.94391
640.7863	0.94363
638.73249	0.94302
636.67869	0.94269
634.62489	0.94279
632.57109	0.94271
630.51728	0.94223
628.46348	0.94183
626.40968	0.94182
624.35588	0.94228
622.30208	0.9426
620.24827	0.94228
618.19447	0.94146
616.14067	0.9406
614.08687	0.93989
612.03306	0.93924
609.97926	0.93929
607.92546	0.93976
605.87166	0.93987
603.81786	0.94007
601.76405	0.94038
599.71025	0.9403
597.65645	0.93965
595.60265	0.9387
593.54884	0.93784
591.49504	0.93747
589.44124	0.93697
587.38744	0.93511
585.33364	0.93277
583.27983	0.93197
581.22603	0.93271
579.17223	0.93253
577.11843	0.9301
575.06462	0.92766
573.01082	0.9272
570.95702	0.92759
568.90322	0.92762
566.84942	0.92722
564.79561	0.92639
562.74181	0.92577
560.68801	0.92604
558.63421	0.92685
556.5804	0.92719
554.5266	0.92643
552.4728	0.9248
550.419	0.92323
548.3652	0.92249
546.31139	0.92164
544.25759	0.91991
542.20379	0.91834
540.14999	0.91752
538.09618	0.91706
536.04238	0.91681
533.98858	0.91637
531.93478	0.91601
529.88098	0.91649
527.82717	0.91682
525.77337	0.91708
523.71957	0.91788
521.66577	0.9183
519.61196	0.91931
517.55816	0.92042
515.50436	0.91902
513.45056	0.91688
511.39675	0.91745
509.34295	0.92014
507.28915	0.92192
505.23535	0.92179
503.18155	0.92124
501.12774	0.92182
499.07394	0.92257
497.02014	0.92271
494.96634	0.9234
492.91253	0.92343
490.85873	0.921
488.80493	0.91793
486.75113	0.91619
484.69733	0.91541
482.64352	0.91458
480.58972	0.91376
478.53592	0.91349
476.48212	0.91179
474.42831	0.90725
472.37451	0.90256
470.32071	0.90008
468.26691	0.89979
466.21311	0.90092
464.1593	0.90247
462.1055	0.90453
460.0517	0.90717
457.9979	0.90957
455.94409	0.9109
453.89029	0.91146
451.83649	0.91202
449.78269	0.91286
447.72889	0.91464
445.67508	0.9171
443.62128	0.91908
441.56748	0.92137
439.51368	0.9238
437.45987	0.92408
435.40607	0.92184
433.35227	0.91969
431.29847	0.91883
429.24467	0.91799
427.19086	0.91629
425.13706	0.91549
423.08326	0.91747
421.02946	0.91945
418.97565	0.91967
416.92185	0.92068
414.86805	0.92336
412.81425	0.92678
410.76045	0.92883
408.70664	0.92958
406.65284	0.9292
404.59904	0.9282
402.54524	0.92899
400.49143	0.93081
398.43763	0.93217
KMeans Clustering	10.0
Spectral Clustering	9.0
Agglomerative Clustering	8.0
