Numero de onda	Muestra 444
3996.69914	0.98633
3994.64534	0.98641
3992.59153	0.98598
3990.53773	0.98566
3988.48393	0.98574
3986.43013	0.98591
3984.37632	0.986
3982.32252	0.98582
3980.26872	0.98544
3978.21492	0.98548
3976.16112	0.98604
3974.10731	0.98648
3972.05351	0.9867
3969.99971	0.98683
3967.94591	0.98666
3965.8921	0.98639
3963.8383	0.98631
3961.7845	0.98624
3959.7307	0.98614
3957.6769	0.98619
3955.62309	0.98634
3953.56929	0.98649
3951.51549	0.98655
3949.46169	0.98646
3947.40788	0.98633
3945.35408	0.9864
3943.30028	0.98643
3941.24648	0.98613
3939.19268	0.98609
3937.13887	0.98647
3935.08507	0.98675
3933.03127	0.98661
3930.97747	0.98633
3928.92366	0.98635
3926.86986	0.98655
3924.81606	0.98656
3922.76226	0.9864
3920.70845	0.9865
3918.65465	0.98676
3916.60085	0.98678
3914.54705	0.98677
3912.49325	0.98682
3910.43944	0.98674
3908.38564	0.98655
3906.33184	0.98629
3904.27804	0.9861
3902.22423	0.98614
3900.17043	0.9865
3898.11663	0.98675
3896.06283	0.98635
3894.00903	0.98602
3891.95522	0.98642
3889.90142	0.98706
3887.84762	0.98734
3885.79382	0.98698
3883.74001	0.98626
3881.68621	0.98578
3879.63241	0.98567
3877.57861	0.98593
3875.52481	0.98634
3873.471	0.98672
3871.4172	0.98686
3869.3634	0.98651
3867.3096	0.98599
3865.25579	0.98564
3863.20199	0.98578
3861.14819	0.98644
3859.09439	0.98681
3857.04059	0.9867
3854.98678	0.98639
3852.93298	0.98615
3850.87918	0.98631
3848.82538	0.98637
3846.77157	0.98636
3844.71777	0.98652
3842.66397	0.98663
3840.61017	0.98665
3838.55637	0.98661
3836.50256	0.98661
3834.44876	0.98688
3832.39496	0.98696
3830.34116	0.98672
3828.28735	0.98665
3826.23355	0.9867
3824.17975	0.98666
3822.12595	0.98656
3820.07215	0.98645
3818.01834	0.98661
3815.96454	0.98703
3813.91074	0.98719
3811.85694	0.9869
3809.80313	0.98658
3807.74933	0.98639
3805.69553	0.98629
3803.64173	0.98646
3801.58793	0.9867
3799.53412	0.98641
3797.48032	0.986
3795.42652	0.98598
3793.37272	0.98619
3791.31891	0.98655
3789.26511	0.98679
3787.21131	0.98663
3785.15751	0.98641
3783.10371	0.98661
3781.0499	0.98691
3778.9961	0.98685
3776.9423	0.98661
3774.8885	0.98637
3772.83469	0.98619
3770.78089	0.98625
3768.72709	0.98652
3766.67329	0.98686
3764.61949	0.98706
3762.56568	0.98714
3760.51188	0.98712
3758.45808	0.98704
3756.40428	0.98686
3754.35047	0.98659
3752.29667	0.98676
3750.24287	0.98746
3748.18907	0.98799
3746.13527	0.98833
3744.08146	0.98822
3742.02766	0.98779
3739.97386	0.98777
3737.92006	0.98787
3735.86625	0.98755
3733.81245	0.98712
3731.75865	0.98727
3729.70485	0.98748
3727.65105	0.98748
3725.59724	0.9876
3723.54344	0.9877
3721.48964	0.9874
3719.43584	0.98695
3717.38203	0.98685
3715.32823	0.98691
3713.27443	0.98666
3711.22063	0.98614
3709.16683	0.98576
3707.11302	0.98549
3705.05922	0.98511
3703.00542	0.98453
3700.95162	0.98394
3698.89781	0.98365
3696.84401	0.98338
3694.79021	0.98311
3692.73641	0.98322
3690.68261	0.98363
3688.6288	0.98394
3686.575	0.98399
3684.5212	0.98393
3682.4674	0.98408
3680.41359	0.98438
3678.35979	0.98423
3676.30599	0.98379
3674.25219	0.98379
3672.19839	0.98392
3670.14458	0.98413
3668.09078	0.98437
3666.03698	0.98437
3663.98318	0.98449
3661.92937	0.98471
3659.87557	0.98455
3657.82177	0.98391
3655.76797	0.98348
3653.71417	0.98382
3651.66036	0.98423
3649.60656	0.98378
3647.55276	0.98244
3645.49896	0.98156
3643.44515	0.98172
3641.39135	0.98248
3639.33755	0.98296
3637.28375	0.98264
3635.22995	0.98203
3633.17614	0.98177
3631.12234	0.98181
3629.06854	0.98161
3627.01474	0.98125
3624.96093	0.98145
3622.90713	0.98177
3620.85333	0.98183
3618.79953	0.98233
3616.74573	0.98312
3614.69192	0.98314
3612.63812	0.98235
3610.58432	0.98152
3608.53052	0.98138
3606.47671	0.98162
3604.42291	0.98178
3602.36911	0.98215
3600.31531	0.98263
3598.26151	0.98246
3596.2077	0.98188
3594.1539	0.98184
3592.1001	0.98217
3590.0463	0.98218
3587.99249	0.9822
3585.93869	0.9825
3583.88489	0.98258
3581.83109	0.98259
3579.77728	0.98258
3577.72348	0.9822
3575.66968	0.98177
3573.61588	0.98165
3571.56208	0.98168
3569.50827	0.98181
3567.45447	0.98219
3565.40067	0.98239
3563.34687	0.98202
3561.29306	0.98156
3559.23926	0.9813
3557.18546	0.98122
3555.13166	0.98128
3553.07786	0.9811
3551.02405	0.98068
3548.97025	0.98062
3546.91645	0.98092
3544.86265	0.98095
3542.80884	0.98062
3540.75504	0.98046
3538.70124	0.98055
3536.64744	0.98055
3534.59364	0.98033
3532.53983	0.98016
3530.48603	0.98041
3528.43223	0.98066
3526.37843	0.98047
3524.32462	0.98017
3522.27082	0.98013
3520.21702	0.98027
3518.16322	0.98008
3516.10942	0.97971
3514.05561	0.97971
3512.00181	0.97982
3509.94801	0.97953
3507.89421	0.97933
3505.8404	0.97967
3503.7866	0.98004
3501.7328	0.98012
3499.679	0.98004
3497.6252	0.98006
3495.57139	0.9802
3493.51759	0.98
3491.46379	0.97941
3489.40999	0.97909
3487.35618	0.97924
3485.30238	0.97932
3483.24858	0.97923
3481.19478	0.97923
3479.14098	0.97917
3477.08717	0.97911
3475.03337	0.97919
3472.97957	0.97925
3470.92577	0.97925
3468.87196	0.9793
3466.81816	0.97915
3464.76436	0.97871
3462.71056	0.97843
3460.65676	0.97846
3458.60295	0.97843
3456.54915	0.97826
3454.49535	0.97819
3452.44155	0.97824
3450.38774	0.97812
3448.33394	0.97786
3446.28014	0.97767
3444.22634	0.97759
3442.17254	0.97762
3440.11873	0.97774
3438.06493	0.97791
3436.01113	0.97815
3433.95733	0.97834
3431.90352	0.97818
3429.84972	0.97772
3427.79592	0.97725
3425.74212	0.97679
3423.68832	0.97646
3421.63451	0.97658
3419.58071	0.97699
3417.52691	0.97702
3415.47311	0.97665
3413.4193	0.97641
3411.3655	0.97649
3409.3117	0.97669
3407.2579	0.97688
3405.2041	0.97701
3403.15029	0.97692
3401.09649	0.97646
3399.04269	0.9761
3396.98889	0.97648
3394.93508	0.9771
3392.88128	0.97715
3390.82748	0.97677
3388.77368	0.97645
3386.71988	0.9764
3384.66607	0.97651
3382.61227	0.97659
3380.55847	0.97672
3378.50467	0.97699
3376.45086	0.97717
3374.39706	0.9771
3372.34326	0.97683
3370.28946	0.97647
3368.23566	0.9764
3366.18185	0.97651
3364.12805	0.97619
3362.07425	0.97577
3360.02045	0.976
3357.96664	0.97635
3355.91284	0.97621
3353.85904	0.97602
3351.80524	0.97618
3349.75144	0.97646
3347.69763	0.97651
3345.64383	0.97635
3343.59003	0.97623
3341.53623	0.97623
3339.48242	0.97637
3337.42862	0.97655
3335.37482	0.97675
3333.32102	0.97679
3331.26722	0.97647
3329.21341	0.97622
3327.15961	0.97628
3325.10581	0.9764
3323.05201	0.97656
3320.9982	0.97665
3318.9444	0.97664
3316.8906	0.9768
3314.8368	0.97711
3312.783	0.97722
3310.72919	0.97687
3308.67539	0.97619
3306.62159	0.97572
3304.56779	0.97573
3302.51398	0.97601
3300.46018	0.97637
3298.40638	0.97654
3296.35258	0.97628
3294.29878	0.97596
3292.24497	0.97604
3290.19117	0.97632
3288.13737	0.97647
3286.08357	0.97659
3284.02976	0.97674
3281.97596	0.97673
3279.92216	0.97672
3277.86836	0.97698
3275.81456	0.97713
3273.76075	0.97694
3271.70695	0.97679
3269.65315	0.97682
3267.59935	0.9769
3265.54554	0.97705
3263.49174	0.97726
3261.43794	0.97748
3259.38414	0.9775
3257.33034	0.97726
3255.27653	0.97719
3253.22273	0.9774
3251.16893	0.97772
3249.11513	0.97813
3247.06132	0.97835
3245.00752	0.97824
3242.95372	0.97809
3240.89992	0.97798
3238.84611	0.97785
3236.79231	0.9779
3234.73851	0.97836
3232.68471	0.97905
3230.63091	0.97927
3228.5771	0.9789
3226.5233	0.97868
3224.4695	0.97887
3222.4157	0.97911
3220.36189	0.97911
3218.30809	0.97893
3216.25429	0.97898
3214.20049	0.9791
3212.14669	0.97894
3210.09288	0.97882
3208.03908	0.97905
3205.98528	0.97939
3203.93148	0.97957
3201.87767	0.97953
3199.82387	0.97952
3197.77007	0.97977
3195.71627	0.98
3193.66247	0.98003
3191.60866	0.97999
3189.55486	0.98001
3187.50106	0.97996
3185.44726	0.97973
3183.39345	0.97962
3181.33965	0.97978
3179.28585	0.98013
3177.23205	0.98048
3175.17825	0.98072
3173.12444	0.98081
3171.07064	0.9808
3169.01684	0.9809
3166.96304	0.98107
3164.90923	0.98114
3162.85543	0.98119
3160.80163	0.9813
3158.74783	0.98134
3156.69403	0.98125
3154.64022	0.9812
3152.58642	0.98139
3150.53262	0.98169
3148.47882	0.98183
3146.42501	0.98182
3144.37121	0.98162
3142.31741	0.98136
3140.26361	0.98116
3138.20981	0.98121
3136.156	0.98167
3134.1022	0.9822
3132.0484	0.98237
3129.9946	0.98224
3127.94079	0.98201
3125.88699	0.98198
3123.83319	0.98221
3121.77939	0.98239
3119.72559	0.98232
3117.67178	0.98215
3115.61798	0.98209
3113.56418	0.98201
3111.51038	0.98188
3109.45657	0.98194
3107.40277	0.98216
3105.34897	0.98232
3103.29517	0.98236
3101.24137	0.98231
3099.18756	0.98208
3097.13376	0.98165
3095.07996	0.98131
3093.02616	0.98124
3090.97235	0.9814
3088.91855	0.98161
3086.86475	0.98155
3084.81095	0.98121
3082.75715	0.9809
3080.70334	0.98098
3078.64954	0.98133
3076.59574	0.98158
3074.54194	0.98156
3072.48813	0.98148
3070.43433	0.98152
3068.38053	0.98164
3066.32673	0.98161
3064.27293	0.98146
3062.21912	0.98139
3060.16532	0.98139
3058.11152	0.9815
3056.05772	0.98173
3054.00391	0.98166
3051.95011	0.98127
3049.89631	0.98105
3047.84251	0.98091
3045.78871	0.9807
3043.7349	0.98062
3041.6811	0.98067
3039.6273	0.98076
3037.5735	0.9809
3035.51969	0.98095
3033.46589	0.98094
3031.41209	0.98085
3029.35829	0.98058
3027.30449	0.98053
3025.25068	0.98071
3023.19688	0.98051
3021.14308	0.98012
3019.08928	0.98009
3017.03547	0.98017
3014.98167	0.98003
3012.92787	0.97999
3010.87407	0.98019
3008.82027	0.98013
3006.76646	0.97956
3004.71266	0.97911
3002.65886	0.97919
3000.60506	0.97942
2998.55125	0.97937
2996.49745	0.97895
2994.44365	0.97843
2992.38985	0.97802
2990.33605	0.97758
2988.28224	0.9771
2986.22844	0.97659
2984.17464	0.97587
2982.12084	0.97476
2980.06703	0.97337
2978.01323	0.97194
2975.95943	0.9705
2973.90563	0.96869
2971.85183	0.96627
2969.79802	0.96332
2967.74422	0.96004
2965.69042	0.95665
2963.63662	0.95332
2961.58281	0.95018
2959.52901	0.94726
2957.47521	0.94466
2955.42141	0.94257
2953.36761	0.94088
2951.3138	0.9392
2949.26	0.93696
2947.2062	0.93342
2945.1524	0.92801
2943.09859	0.92037
2941.04479	0.91024
2938.99099	0.89771
2936.93719	0.88301
2934.88339	0.8661
2932.82958	0.84691
2930.77578	0.82533
2928.72198	0.80104
2926.66818	0.7736
2924.61437	0.74256
2922.56057	0.70777
2920.50677	0.67056
2918.45297	0.63526
2916.39917	0.61016
2914.34536	0.60407
2912.29156	0.61849
2910.23776	0.64558
2908.18396	0.67548
2906.13015	0.70234
2904.07635	0.72422
2902.02255	0.74147
2899.96875	0.7554
2897.91494	0.76752
2895.86114	0.77903
2893.80734	0.79049
2891.75354	0.8022
2889.69974	0.81432
2887.64593	0.82662
2885.59213	0.83913
2883.53833	0.85154
2881.48453	0.86314
2879.43072	0.8737
2877.37692	0.88291
2875.32312	0.89013
2873.26932	0.89505
2871.21552	0.89794
2869.16171	0.89919
2867.10791	0.89825
2865.05411	0.89388
2863.00031	0.88527
2860.9465	0.87115
2858.8927	0.84975
2856.8389	0.81947
2854.7851	0.77881
2852.7313	0.72845
2850.67749	0.6768
2848.62369	0.64136
2846.56989	0.63774
2844.51609	0.66605
2842.46228	0.7125
2840.40848	0.76168
2838.35468	0.80427
2836.30088	0.83777
2834.24708	0.86343
2832.19327	0.883
2830.13947	0.89794
2828.08567	0.90939
2826.03187	0.91833
2823.97806	0.92562
2821.92426	0.93174
2819.87046	0.9368
2817.81666	0.94085
2815.76286	0.94402
2813.70905	0.94679
2811.65525	0.94957
2809.60145	0.95206
2807.54765	0.95401
2805.49384	0.95566
2803.44004	0.9572
2801.38624	0.95867
2799.33244	0.96004
2797.27864	0.96135
2795.22483	0.96269
2793.17103	0.96389
2791.11723	0.96487
2789.06343	0.96589
2787.00962	0.96693
2784.95582	0.9678
2782.90202	0.96866
2780.84822	0.96964
2778.79442	0.97041
2776.74061	0.97079
2774.68681	0.97114
2772.63301	0.9716
2770.57921	0.97198
2768.5254	0.9724
2766.4716	0.97305
2764.4178	0.97366
2762.364	0.97381
2760.3102	0.97378
2758.25639	0.97409
2756.20259	0.97465
2754.14879	0.97504
2752.09499	0.9751
2750.04118	0.97496
2747.98738	0.97495
2745.93358	0.97509
2743.87978	0.97527
2741.82598	0.97563
2739.77217	0.97595
2737.71837	0.97584
2735.66457	0.97556
2733.61077	0.9755
2731.55696	0.97559
2729.50316	0.97578
2727.44936	0.97612
2725.39556	0.97641
2723.34176	0.9764
2721.28795	0.97632
2719.23415	0.97653
2717.18035	0.97695
2715.12655	0.97733
2713.07274	0.9776
2711.01894	0.9777
2708.96514	0.97763
2706.91134	0.97774
2704.85754	0.97816
2702.80373	0.97838
2700.74993	0.97827
2698.69613	0.97831
2696.64233	0.97853
2694.58852	0.97864
2692.53472	0.97858
2690.48092	0.97852
2688.42712	0.97854
2686.37332	0.97852
2684.31951	0.97835
2682.26571	0.97824
2680.21191	0.97833
2678.15811	0.97847
2676.1043	0.97867
2674.0505	0.97868
2671.9967	0.97822
2669.9429	0.97777
2667.8891	0.97766
2665.83529	0.97764
2663.78149	0.97768
2661.72769	0.97776
2659.67389	0.97767
2657.62008	0.97755
2655.56628	0.97764
2653.51248	0.97785
2651.45868	0.97812
2649.40488	0.97838
2647.35107	0.97844
2645.29727	0.97855
2643.24347	0.97877
2641.18967	0.97869
2639.13586	0.97836
2637.08206	0.97818
2635.02826	0.97812
2632.97446	0.97813
2630.92066	0.97833
2628.86685	0.97862
2626.81305	0.97903
2624.75925	0.97946
2622.70545	0.97974
2620.65164	0.97992
2618.59784	0.98002
2616.54404	0.9801
2614.49024	0.98023
2612.43644	0.9804
2610.38263	0.98068
2608.32883	0.98092
2606.27503	0.98087
2604.22123	0.98072
2602.16742	0.98083
2600.11362	0.98114
2598.05982	0.9814
2596.00602	0.98155
2593.95222	0.98189
2591.89841	0.98258
2589.84461	0.98306
2587.79081	0.98293
2585.73701	0.98254
2583.6832	0.9826
2581.6294	0.98314
2579.5756	0.9836
2577.5218	0.98394
2575.468	0.98415
2573.41419	0.98389
2571.36039	0.98349
2569.30659	0.98336
2567.25279	0.98316
2565.19898	0.98286
2563.14518	0.9829
2561.09138	0.9836
2559.03758	0.98454
2556.98377	0.9848
2554.92997	0.98441
2552.87617	0.98397
2550.82237	0.98374
2548.76857	0.98398
2546.71476	0.98441
2544.66096	0.98441
2542.60716	0.98419
2540.55336	0.98438
2538.49955	0.98487
2536.44575	0.98524
2534.39195	0.98549
2532.33815	0.98551
2530.28435	0.98514
2528.23054	0.98478
2526.17674	0.98476
2524.12294	0.98508
2522.06914	0.98548
2520.01533	0.98558
2517.96153	0.9855
2515.90773	0.9855
2513.85393	0.98559
2511.80013	0.98555
2509.74632	0.98549
2507.69252	0.98563
2505.63872	0.98564
2503.58492	0.98562
2501.53111	0.98579
2499.47731	0.98601
2497.42351	0.98622
2495.36971	0.9863
2493.31591	0.98628
2491.2621	0.98615
2489.2083	0.9858
2487.1545	0.98552
2485.1007	0.98577
2483.04689	0.98631
2480.99309	0.98648
2478.93929	0.98641
2476.88549	0.9865
2474.83169	0.98648
2472.77788	0.98629
2470.72408	0.98615
2468.67028	0.98626
2466.61648	0.98635
2464.56267	0.9862
2462.50887	0.98617
2460.45507	0.98634
2458.40127	0.9863
2456.34747	0.98623
2454.29366	0.98664
2452.23986	0.987
2450.18606	0.9867
2448.13226	0.98631
2446.07845	0.98638
2444.02465	0.98664
2441.97085	0.9866
2439.91705	0.98629
2437.86325	0.98622
2435.80944	0.98656
2433.75564	0.98676
2431.70184	0.98669
2429.64804	0.98673
2427.59423	0.98694
2425.54043	0.98691
2423.48663	0.98661
2421.43283	0.98636
2419.37903	0.98613
2417.32522	0.98596
2415.27142	0.98592
2413.21762	0.98613
2411.16382	0.98667
2409.11001	0.9871
2407.05621	0.98713
2405.00241	0.98693
2402.94861	0.98667
2400.89481	0.98666
2398.841	0.98694
2396.7872	0.98716
2394.7334	0.98718
2392.6796	0.98708
2390.62579	0.98708
2388.57199	0.98723
2386.51819	0.98725
2384.46439	0.98728
2382.41059	0.98743
2380.35678	0.98753
2378.30298	0.98758
2376.24918	0.98732
2374.19538	0.98704
2372.14157	0.98724
2370.08777	0.9874
2368.03397	0.98732
2365.98017	0.98773
2363.92637	0.98793
2361.87256	0.98742
2359.81876	0.98704
2357.76496	0.98661
2355.71116	0.9865
2353.65735	0.98688
2351.60355	0.98662
2349.54975	0.98602
2347.49595	0.98602
2345.44215	0.98633
2343.38834	0.98627
2341.33454	0.98619
2339.28074	0.98615
2337.22694	0.98567
2335.17313	0.98509
2333.11933	0.98503
2331.06553	0.985
2329.01173	0.98459
2326.95793	0.98452
2324.90412	0.9847
2322.85032	0.98483
2320.79652	0.98506
2318.74272	0.98495
2316.68891	0.98462
2314.63511	0.9847
2312.58131	0.98521
2310.52751	0.98593
2308.47371	0.98624
2306.4199	0.98602
2304.3661	0.98585
2302.3123	0.98596
2300.2585	0.98629
2298.20469	0.98643
2296.15089	0.98626
2294.09709	0.98593
2292.04329	0.98576
2289.98949	0.98588
2287.93568	0.98576
2285.88188	0.98555
2283.82808	0.98572
2281.77428	0.98616
2279.72047	0.98681
2277.66667	0.9873
2275.61287	0.98707
2273.55907	0.98674
2271.50527	0.98705
2269.45146	0.98756
2267.39766	0.98796
2265.34386	0.98831
2263.29006	0.9881
2261.23625	0.98716
2259.18245	0.98659
2257.12865	0.9868
2255.07485	0.98721
2253.02105	0.98798
2250.96724	0.98898
2248.91344	0.98951
2246.85964	0.98917
2244.80584	0.98799
2242.75203	0.98715
2240.69823	0.98744
2238.64443	0.98762
2236.59063	0.98695
2234.53683	0.9863
2232.48302	0.98619
2230.42922	0.98633
2228.37542	0.98627
2226.32162	0.98608
2224.26781	0.9862
2222.21401	0.98677
2220.16021	0.98773
2218.10641	0.98836
2216.0526	0.98796
2213.9988	0.98708
2211.945	0.98625
2209.8912	0.98597
2207.8374	0.98653
2205.78359	0.98697
2203.72979	0.987
2201.67599	0.98798
2199.62219	0.98936
2197.56838	0.98928
2195.51458	0.98894
2193.46078	0.98936
2191.40698	0.98948
2189.35318	0.98959
2187.29937	0.98969
2185.24557	0.98835
2183.19177	0.98616
2181.13797	0.98543
2179.08416	0.9864
2177.03036	0.98785
2174.97656	0.98903
2172.92276	0.98918
2170.86896	0.98792
2168.81515	0.98691
2166.76135	0.98764
2164.70755	0.98856
2162.65375	0.98732
2160.59994	0.98578
2158.54614	0.98843
2156.49234	0.99258
2154.43854	0.99273
2152.38474	0.99047
2150.33093	0.98908
2148.27713	0.98871
2146.22333	0.98885
2144.16953	0.98936
2142.11572	0.98973
2140.06192	0.98976
2138.00812	0.99023
2135.95432	0.99097
2133.90052	0.99051
2131.84671	0.98993
2129.79291	0.99024
2127.73911	0.98997
2125.68531	0.98942
2123.6315	0.98972
2121.5777	0.98979
2119.5239	0.98904
2117.4701	0.98886
2115.4163	0.98919
2113.36249	0.98862
2111.30869	0.98753
2109.25489	0.98711
2107.20109	0.98744
2105.14728	0.98777
2103.09348	0.98807
2101.03968	0.98858
2098.98588	0.98836
2096.93208	0.98817
2094.87827	0.98928
2092.82447	0.9901
2090.77067	0.98957
2088.71687	0.98869
2086.66306	0.98872
2084.60926	0.98965
2082.55546	0.99006
2080.50166	0.98953
2078.44786	0.98882
2076.39405	0.98852
2074.34025	0.98875
2072.28645	0.98897
2070.23265	0.98876
2068.17884	0.98826
2066.12504	0.98807
2064.07124	0.98902
2062.01744	0.99004
2059.96364	0.9898
2057.90983	0.98903
2055.85603	0.98842
2053.80223	0.98793
2051.74843	0.98794
2049.69462	0.98886
2047.64082	0.98983
2045.58702	0.99018
2043.53322	0.9905
2041.47942	0.98967
2039.42561	0.9874
2037.37181	0.98682
2035.31801	0.98909
2033.26421	0.99133
2031.2104	0.99043
2029.1566	0.98753
2027.1028	0.98566
2025.049	0.98514
2022.9952	0.98584
2020.94139	0.98741
2018.88759	0.98809
2016.83379	0.98786
2014.77999	0.98809
2012.72618	0.98896
2010.67238	0.99049
2008.61858	0.99224
2006.56478	0.99266
2004.51098	0.99211
2002.45717	0.99206
2000.40337	0.99146
1998.34957	0.9898
1996.29577	0.98859
1994.24196	0.98816
1992.18816	0.98786
1990.13436	0.98708
1988.08056	0.98675
1986.02676	0.98812
1983.97295	0.98956
1981.91915	0.98905
1979.86535	0.98755
1977.81155	0.98754
1975.75774	0.98917
1973.70394	0.99075
1971.65014	0.99126
1969.59634	0.99124
1967.54254	0.99176
1965.48873	0.99193
1963.43493	0.99108
1961.38113	0.99022
1959.32733	0.99037
1957.27352	0.99115
1955.21972	0.99149
1953.16592	0.99099
1951.11212	0.98969
1949.05832	0.98845
1947.00451	0.98816
1944.95071	0.98848
1942.89691	0.98873
1940.84311	0.98916
1938.7893	0.98975
1936.7355	0.98979
1934.6817	0.98925
1932.6279	0.98846
1930.5741	0.9879
1928.52029	0.98804
1926.46649	0.98884
1924.41269	0.9898
1922.35889	0.99002
1920.30508	0.98932
1918.25128	0.98878
1916.19748	0.98899
1914.14368	0.98939
1912.08988	0.98956
1910.03607	0.98918
1907.98227	0.98834
1905.92847	0.98784
1903.87467	0.98763
1901.82086	0.98739
1899.76706	0.98779
1897.71326	0.98885
1895.65946	0.98964
1893.60566	0.98984
1891.55185	0.98984
1889.49805	0.98991
1887.44425	0.98987
1885.39045	0.98939
1883.33664	0.98885
1881.28284	0.98859
1879.22904	0.98853
1877.17524	0.98862
1875.12143	0.98891
1873.06763	0.98926
1871.01383	0.98936
1868.96003	0.98894
1866.90623	0.98837
1864.85242	0.98836
1862.79862	0.98893
1860.74482	0.98931
1858.69102	0.98908
1856.63721	0.98897
1854.58341	0.98921
1852.52961	0.98932
1850.47581	0.98935
1848.42201	0.98914
1846.3682	0.98825
1844.3144	0.98746
1842.2606	0.98787
1840.2068	0.98862
1838.15299	0.9889
1836.09919	0.98911
1834.04539	0.98912
1831.99159	0.98853
1829.93779	0.98785
1827.88398	0.98785
1825.83018	0.98808
1823.77638	0.988
1821.72258	0.98798
1819.66877	0.98818
1817.61497	0.98835
1815.56117	0.98855
1813.50737	0.98875
1811.45357	0.98858
1809.39976	0.98813
1807.34596	0.98783
1805.29216	0.98783
1803.23836	0.98802
1801.18455	0.98797
1799.13075	0.98748
1797.07695	0.98706
1795.02315	0.98699
1792.96935	0.98706
1790.91554	0.98706
1788.86174	0.98705
1786.80794	0.98703
1784.75414	0.987
1782.70033	0.98702
1780.64653	0.98687
1778.59273	0.98643
1776.53893	0.98596
1774.48513	0.9855
1772.43132	0.98501
1770.37752	0.9849
1768.32372	0.98521
1766.26992	0.98537
1764.21611	0.98523
1762.16231	0.98492
1760.10851	0.98451
1758.05471	0.98398
1756.00091	0.98337
1753.9471	0.98284
1751.8933	0.98225
1749.8395	0.98118
1747.7857	0.97964
1745.73189	0.97806
1743.67809	0.97675
1741.62429	0.97617
1739.57049	0.97636
1737.51669	0.9767
1735.46288	0.97686
1733.40908	0.97712
1731.35528	0.97744
1729.30148	0.97737
1727.24767	0.9769
1725.19387	0.97613
1723.14007	0.97527
1721.08627	0.97454
1719.03247	0.97388
1716.97866	0.97315
1714.92486	0.97247
1712.87106	0.97235
1710.81726	0.97278
1708.76345	0.97331
1706.70965	0.97388
1704.65585	0.97465
1702.60205	0.97531
1700.54825	0.97543
1698.49444	0.97544
1696.44064	0.97611
1694.38684	0.97677
1692.33304	0.97692
1690.27923	0.97674
1688.22543	0.97613
1686.17163	0.97531
1684.11783	0.97486
1682.06403	0.9748
1680.01022	0.97462
1677.95642	0.9744
1675.90262	0.97415
1673.84882	0.9737
1671.79501	0.9732
1669.74121	0.97273
1667.68741	0.97224
1665.63361	0.97188
1663.57981	0.97156
1661.526	0.97114
1659.4722	0.97066
1657.4184	0.97023
1655.3646	0.97008
1653.31079	0.97023
1651.25699	0.9703
1649.20319	0.97025
1647.14939	0.97015
1645.09559	0.97006
1643.04178	0.97011
1640.98798	0.97034
1638.93418	0.97065
1636.88038	0.97083
1634.82657	0.97083
1632.77277	0.97083
1630.71897	0.97086
1628.66517	0.97095
1626.61137	0.97124
1624.55756	0.97168
1622.50376	0.97208
1620.44996	0.97239
1618.39616	0.97266
1616.34235	0.97284
1614.28855	0.97296
1612.23475	0.97316
1610.18095	0.97343
1608.12715	0.97376
1606.07334	0.97425
1604.01954	0.97459
1601.96574	0.97452
1599.91194	0.97459
1597.85813	0.97511
1595.80433	0.97559
1593.75053	0.97567
1591.69673	0.97547
1589.64293	0.97525
1587.58912	0.97523
1585.53532	0.97545
1583.48152	0.9759
1581.42772	0.97644
1579.37391	0.97679
1577.32011	0.97688
1575.26631	0.97688
1573.21251	0.97691
1571.15871	0.97696
1569.1049	0.97705
1567.0511	0.97721
1564.9973	0.97726
1562.9435	0.9771
1560.88969	0.9769
1558.83589	0.97674
1556.78209	0.9765
1554.72829	0.97627
1552.67449	0.9762
1550.62068	0.97608
1548.56688	0.97576
1546.51308	0.9755
1544.45928	0.97548
1542.40547	0.97584
1540.35167	0.9764
1538.29787	0.97641
1536.24407	0.97618
1534.19026	0.97629
1532.13646	0.97667
1530.08266	0.97693
1528.02886	0.97707
1525.97506	0.97717
1523.92125	0.97711
1521.86745	0.97697
1519.81365	0.97709
1517.75985	0.97723
1515.70604	0.97728
1513.65224	0.97731
1511.59844	0.97734
1509.54464	0.97739
1507.49084	0.9775
1505.43703	0.97761
1503.38323	0.97761
1501.32943	0.97752
1499.27563	0.97736
1497.22182	0.97716
1495.16802	0.97672
1493.11422	0.97612
1491.06042	0.97548
1489.00662	0.97469
1486.95281	0.9735
1484.89901	0.97204
1482.84521	0.96998
1480.79141	0.96613
1478.7376	0.95767
1476.6838	0.93652
1474.63	0.89659
1472.5762	0.85759
1470.5224	0.84821
1468.46859	0.85159
1466.41479	0.8471
1464.36099	0.83494
1462.30719	0.83451
1460.25338	0.85284
1458.19958	0.87993
1456.14578	0.90257
1454.09198	0.91472
1452.03818	0.92313
1449.98437	0.93013
1447.93057	0.93533
1445.87677	0.93892
1443.82297	0.9413
1441.76916	0.94323
1439.71536	0.94522
1437.66156	0.9476
1435.60776	0.95016
1433.55396	0.95235
1431.50015	0.95461
1429.44635	0.9571
1427.39255	0.9593
1425.33875	0.96113
1423.28494	0.96269
1421.23114	0.9636
1419.17734	0.96402
1417.12354	0.96426
1415.06974	0.96446
1413.01593	0.96473
1410.96213	0.96514
1408.90833	0.96572
1406.85453	0.96638
1404.80072	0.96723
1402.74692	0.96814
1400.69312	0.96866
1398.63932	0.96874
1396.58552	0.96874
1394.53171	0.969
1392.47791	0.96932
1390.42411	0.96929
1388.37031	0.96892
1386.3165	0.96821
1384.2627	0.96674
1382.2089	0.96406
1380.1551	0.96074
1378.1013	0.95848
1376.04749	0.95814
1373.99369	0.95894
1371.93989	0.95969
1369.88609	0.96023
1367.83228	0.96093
1365.77848	0.9619
1363.72468	0.96309
1361.67088	0.96427
1359.61708	0.96508
1357.56327	0.96556
1355.50947	0.96578
1353.45567	0.96585
1351.40187	0.9661
1349.34806	0.9667
1347.29426	0.96744
1345.24046	0.96815
1343.18666	0.96882
1341.13286	0.96953
1339.07905	0.97025
1337.02525	0.9709
1334.97145	0.97137
1332.91765	0.97168
1330.86384	0.97194
1328.81004	0.97215
1326.75624	0.972
1324.70244	0.9715
1322.64864	0.97116
1320.59483	0.9711
1318.54103	0.97086
1316.48723	0.97045
1314.43343	0.96992
1312.37962	0.96928
1310.32582	0.96888
1308.27202	0.9687
1306.21822	0.96844
1304.16442	0.96817
1302.11061	0.96819
1300.05681	0.96845
1298.00301	0.96866
1295.94921	0.96882
1293.8954	0.96904
1291.8416	0.96925
1289.7878	0.96944
1287.734	0.96952
1285.6802	0.96935
1283.62639	0.96907
1281.57259	0.96882
1279.51879	0.96842
1277.46499	0.96792
1275.41118	0.96745
1273.35738	0.96696
1271.30358	0.96634
1269.24978	0.96557
1267.19598	0.96483
1265.14217	0.96425
1263.08837	0.96367
1261.03457	0.96322
1258.98077	0.96308
1256.92696	0.96322
1254.87316	0.96368
1252.81936	0.96444
1250.76556	0.9652
1248.71176	0.96581
1246.65795	0.96634
1244.60415	0.96682
1242.55035	0.96725
1240.49655	0.96744
1238.44274	0.9672
1236.38894	0.96689
1234.33514	0.96702
1232.28134	0.96739
1230.22754	0.96745
1228.17373	0.96721
1226.11993	0.96703
1224.06613	0.96686
1222.01233	0.96672
1219.95852	0.9668
1217.90472	0.96694
1215.85092	0.96702
1213.79712	0.96694
1211.74332	0.9666
1209.68951	0.9663
1207.63571	0.96621
1205.58191	0.9661
1203.52811	0.96588
1201.4743	0.96563
1199.4205	0.96529
1197.3667	0.96483
1195.3129	0.96449
1193.25909	0.96439
1191.20529	0.96436
1189.15149	0.96426
1187.09769	0.96403
1185.04389	0.96358
1182.99008	0.96298
1180.93628	0.96238
1178.88248	0.96161
1176.82868	0.96069
1174.77487	0.96006
1172.72107	0.9596
1170.66727	0.95893
1168.61347	0.95816
1166.55967	0.95741
1164.50586	0.95673
1162.45206	0.95634
1160.39826	0.95619
1158.34446	0.95591
1156.29065	0.95543
1154.23685	0.95493
1152.18305	0.95456
1150.12925	0.95423
1148.07545	0.95377
1146.02164	0.95334
1143.96784	0.95302
1141.91404	0.9526
1139.86024	0.95206
1137.80643	0.95169
1135.75263	0.95142
1133.69883	0.9509
1131.64503	0.95006
1129.59123	0.94897
1127.53742	0.94781
1125.48362	0.94675
1123.42982	0.94567
1121.37602	0.94442
1119.32221	0.94319
1117.26841	0.94211
1115.21461	0.94113
1113.16081	0.94012
1111.10701	0.93892
1109.0532	0.93763
1106.9994	0.9365
1104.9456	0.93543
1102.8918	0.93434
1100.83799	0.93342
1098.78419	0.93261
1096.73039	0.93166
1094.67659	0.93062
1092.62279	0.92966
1090.56898	0.92901
1088.51518	0.92883
1086.46138	0.92881
1084.40758	0.9286
1082.35377	0.92842
1080.29997	0.9285
1078.24617	0.92875
1076.19237	0.92911
1074.13857	0.92935
1072.08476	0.92918
1070.03096	0.92877
1067.97716	0.92844
1065.92336	0.92823
1063.86955	0.92808
1061.81575	0.92771
1059.76195	0.92701
1057.70815	0.9262
1055.65435	0.92528
1053.60054	0.92423
1051.54674	0.92301
1049.49294	0.92173
1047.43914	0.92071
1045.38533	0.91996
1043.33153	0.919
1041.27773	0.91778
1039.22393	0.91707
1037.17013	0.91715
1035.11632	0.91752
1033.06252	0.91827
1031.00872	0.91951
1028.95492	0.92063
1026.90111	0.9214
1024.84731	0.92222
1022.79351	0.92331
1020.73971	0.92456
1018.68591	0.9257
1016.6321	0.9267
1014.5783	0.92767
1012.5245	0.92862
1010.4707	0.92962
1008.41689	0.93087
1006.36309	0.93246
1004.30929	0.93439
1002.25549	0.93668
1000.20169	0.93912
998.14788	0.94133
996.09408	0.94317
994.04028	0.94495
991.98648	0.94694
989.93267	0.94895
987.87887	0.95077
985.82507	0.9525
983.77127	0.95413
981.71747	0.95552
979.66366	0.95677
977.60986	0.9579
975.55606	0.95877
973.50226	0.95953
971.44845	0.96029
969.39465	0.96097
967.34085	0.96175
965.28705	0.96272
963.23325	0.9636
961.17944	0.96425
959.12564	0.96477
957.07184	0.96515
955.01804	0.96535
952.96423	0.96547
950.91043	0.96576
948.85663	0.96615
946.80283	0.96645
944.74903	0.96669
942.69522	0.96703
940.64142	0.96733
938.58762	0.96735
936.53382	0.96723
934.48001	0.96706
932.42621	0.96684
930.37241	0.96672
928.31861	0.9668
926.26481	0.96711
924.211	0.9673
922.1572	0.9669
920.1034	0.96621
918.0496	0.96581
915.99579	0.9656
913.94199	0.96527
911.88819	0.9648
909.83439	0.96459
907.78059	0.96506
905.72678	0.96594
903.67298	0.96671
901.61918	0.96751
899.56538	0.9685
897.51157	0.96913
895.45777	0.96921
893.40397	0.96908
891.35017	0.96905
889.29637	0.96929
887.24256	0.96963
885.18876	0.97007
883.13496	0.97042
881.08116	0.97033
879.02735	0.96978
876.97355	0.96893
874.91975	0.96855
872.86595	0.96938
870.81215	0.97071
868.75834	0.97173
866.70454	0.97241
864.65074	0.9728
862.59694	0.97308
860.54313	0.97346
858.48933	0.97391
856.43553	0.97431
854.38173	0.97448
852.32792	0.97418
850.27412	0.97375
848.22032	0.97371
846.16652	0.97411
844.11272	0.97442
842.05891	0.97412
840.00511	0.97374
837.95131	0.97377
835.89751	0.97363
833.8437	0.97327
831.7899	0.97332
829.7361	0.97372
827.6823	0.97392
825.6285	0.97383
823.57469	0.97355
821.52089	0.97304
819.46709	0.97257
817.41329	0.97245
815.35948	0.9727
813.30568	0.97282
811.25188	0.97236
809.19808	0.97193
807.14428	0.97164
805.09047	0.97091
803.03667	0.96988
800.98287	0.969
798.92907	0.9684
796.87526	0.96808
794.82146	0.96825
792.76766	0.96836
790.71386	0.96802
788.66006	0.96809
786.60625	0.96848
784.55245	0.9683
782.49865	0.96788
780.44485	0.96767
778.39104	0.96769
776.33724	0.96806
774.28344	0.96832
772.22964	0.96813
770.17584	0.96798
768.12203	0.96797
766.06823	0.9676
764.01443	0.96715
761.96063	0.96698
759.90682	0.96635
757.85302	0.96531
755.79922	0.96465
753.74542	0.96425
751.69162	0.96406
749.63781	0.96431
747.58401	0.96421
745.53021	0.96307
743.47641	0.96154
741.4226	0.95997
739.3688	0.9577
737.315	0.95346
735.2612	0.94348
733.2074	0.92127
731.15359	0.89191
729.09979	0.87691
727.04599	0.88076
724.99219	0.8816
722.93838	0.86201
720.88458	0.82682
718.83078	0.80745
716.77698	0.82727
714.72318	0.86836
712.66937	0.90349
710.61557	0.92475
708.56177	0.93677
706.50797	0.94397
704.45416	0.94816
702.40036	0.95101
700.34656	0.95354
698.29276	0.95543
696.23896	0.95687
694.18515	0.95824
692.13135	0.95896
690.07755	0.95944
688.02375	0.96049
685.96994	0.96091
683.91614	0.96048
681.86234	0.96019
679.80854	0.96034
677.75474	0.96129
675.70093	0.96226
673.64713	0.96221
671.59333	0.96153
669.53953	0.96106
667.48572	0.96157
665.43192	0.96221
663.37812	0.96194
661.32432	0.96119
659.27052	0.96089
657.21671	0.96163
655.16291	0.96292
653.10911	0.96365
651.05531	0.96351
649.0015	0.96303
646.9477	0.96254
644.8939	0.96243
642.8401	0.96291
640.7863	0.96307
638.73249	0.96256
636.67869	0.96224
634.62489	0.96258
632.57109	0.96307
630.51728	0.96298
628.46348	0.96257
626.40968	0.96247
624.35588	0.96284
622.30208	0.96297
620.24827	0.96192
618.19447	0.9601
616.14067	0.95894
614.08687	0.95893
612.03306	0.95915
609.97926	0.95923
607.92546	0.95886
605.87166	0.95751
603.81786	0.95661
601.76405	0.95732
599.71025	0.95778
597.65645	0.95715
595.60265	0.95682
593.54884	0.95651
591.49504	0.95539
589.44124	0.95469
587.38744	0.9551
585.33364	0.95564
583.27983	0.9561
581.22603	0.95636
579.17223	0.956
577.11843	0.95579
575.06462	0.956
573.01082	0.95507
570.95702	0.95327
568.90322	0.95254
566.84942	0.95244
564.79561	0.95189
562.74181	0.95091
560.68801	0.95014
558.63421	0.94982
556.5804	0.94974
554.5266	0.94974
552.4728	0.94913
550.419	0.94849
548.3652	0.9489
546.31139	0.95022
544.25759	0.95114
542.20379	0.9502
540.14999	0.94802
538.09618	0.94596
536.04238	0.94498
533.98858	0.9459
531.93478	0.94758
529.88098	0.94789
527.82717	0.9467
525.77337	0.94626
523.71957	0.94727
521.66577	0.94752
519.61196	0.94713
517.55816	0.94786
515.50436	0.94875
513.45056	0.94911
511.39675	0.95013
509.34295	0.95203
507.28915	0.95401
505.23535	0.95509
503.18155	0.95509
501.12774	0.9548
499.07394	0.95396
497.02014	0.95254
494.96634	0.95172
492.91253	0.951
490.85873	0.94926
488.80493	0.94818
486.75113	0.94899
484.69733	0.94968
482.64352	0.94779
480.58972	0.9446
478.53592	0.94229
476.48212	0.93998
474.42831	0.93687
472.37451	0.93422
470.32071	0.93344
468.26691	0.93515
466.21311	0.93856
464.1593	0.94142
462.1055	0.94283
460.0517	0.94426
457.9979	0.94694
455.94409	0.94888
453.89029	0.94907
451.83649	0.9485
449.78269	0.94857
447.72889	0.95107
445.67508	0.95223
443.62128	0.94984
441.56748	0.94907
439.51368	0.94991
437.45987	0.94987
435.40607	0.94952
433.35227	0.95008
431.29847	0.95223
429.24467	0.95307
427.19086	0.95168
425.13706	0.95059
423.08326	0.95014
421.02946	0.9505
418.97565	0.95207
416.92185	0.95247
414.86805	0.95166
412.81425	0.95333
410.76045	0.95796
408.70664	0.96083
406.65284	0.95911
404.59904	0.95721
402.54524	0.95944
400.49143	0.962
398.43763	0.9597
KMeans Clustering	0.0
Spectral Clustering	2.0
Agglomerative Clustering	0.0
