Numero de onda	Muestra 890
3996.69914	0.9772
3994.64534	0.97741
3992.59153	0.97724
3990.53773	0.97705
3988.48393	0.97711
3986.43013	0.97718
3984.37632	0.97714
3982.32252	0.97706
3980.26872	0.97704
3978.21492	0.97705
3976.16112	0.97721
3974.10731	0.97758
3972.05351	0.97766
3969.99971	0.97727
3967.94591	0.9772
3965.8921	0.97758
3963.8383	0.97779
3961.7845	0.9778
3959.7307	0.97769
3957.6769	0.97756
3955.62309	0.9776
3953.56929	0.97773
3951.51549	0.97775
3949.46169	0.97763
3947.40788	0.97743
3945.35408	0.97738
3943.30028	0.97756
3941.24648	0.97759
3939.19268	0.97736
3937.13887	0.97738
3935.08507	0.97768
3933.03127	0.97755
3930.97747	0.97713
3928.92366	0.97703
3926.86986	0.97702
3924.81606	0.97697
3922.76226	0.97706
3920.70845	0.97721
3918.65465	0.97729
3916.60085	0.97722
3914.54705	0.9773
3912.49325	0.97752
3910.43944	0.97756
3908.38564	0.97738
3906.33184	0.97733
3904.27804	0.97752
3902.22423	0.97767
3900.17043	0.97782
3898.11663	0.97814
3896.06283	0.97825
3894.00903	0.97806
3891.95522	0.97769
3889.90142	0.97715
3887.84762	0.97695
3885.79382	0.97724
3883.74001	0.97761
3881.68621	0.97767
3879.63241	0.97758
3877.57861	0.97767
3875.52481	0.9778
3873.471	0.97792
3871.4172	0.97786
3869.3634	0.97736
3867.3096	0.977
3865.25579	0.97707
3863.20199	0.97738
3861.14819	0.97768
3859.09439	0.97781
3857.04059	0.9779
3854.98678	0.97785
3852.93298	0.9773
3850.87918	0.97712
3848.82538	0.97749
3846.77157	0.97786
3844.71777	0.97786
3842.66397	0.97731
3840.61017	0.97688
3838.55637	0.97718
3836.50256	0.97757
3834.44876	0.97773
3832.39496	0.978
3830.34116	0.97794
3828.28735	0.97753
3826.23355	0.97745
3824.17975	0.97775
3822.12595	0.9777
3820.07215	0.97737
3818.01834	0.97756
3815.96454	0.97791
3813.91074	0.97783
3811.85694	0.9775
3809.80313	0.97736
3807.74933	0.9775
3805.69553	0.97769
3803.64173	0.97793
3801.58793	0.97838
3799.53412	0.9785
3797.48032	0.97813
3795.42652	0.97773
3793.37272	0.97748
3791.31891	0.97736
3789.26511	0.97743
3787.21131	0.9776
3785.15751	0.97774
3783.10371	0.97786
3781.0499	0.9779
3778.9961	0.97769
3776.9423	0.97742
3774.8885	0.97743
3772.83469	0.97758
3770.78089	0.97755
3768.72709	0.97756
3766.67329	0.97765
3764.61949	0.9775
3762.56568	0.97749
3760.51188	0.97794
3758.45808	0.97852
3756.40428	0.97876
3754.35047	0.97854
3752.29667	0.97827
3750.24287	0.97851
3748.18907	0.97869
3746.13527	0.97874
3744.08146	0.97875
3742.02766	0.97851
3739.97386	0.97846
3737.92006	0.97854
3735.86625	0.97848
3733.81245	0.97857
3731.75865	0.97862
3729.70485	0.97824
3727.65105	0.97793
3725.59724	0.97806
3723.54344	0.97825
3721.48964	0.97813
3719.43584	0.97786
3717.38203	0.97776
3715.32823	0.97768
3713.27443	0.97754
3711.22063	0.97743
3709.16683	0.97741
3707.11302	0.97739
3705.05922	0.97738
3703.00542	0.97731
3700.95162	0.97687
3698.89781	0.97642
3696.84401	0.97638
3694.79021	0.97656
3692.73641	0.97682
3690.68261	0.97694
3688.6288	0.97707
3686.575	0.97713
3684.5212	0.97674
3682.4674	0.97625
3680.41359	0.97593
3678.35979	0.97585
3676.30599	0.97616
3674.25219	0.97657
3672.19839	0.97645
3670.14458	0.97629
3668.09078	0.97661
3666.03698	0.97693
3663.98318	0.97712
3661.92937	0.97714
3659.87557	0.97683
3657.82177	0.97646
3655.76797	0.97639
3653.71417	0.97646
3651.66036	0.97644
3649.60656	0.97625
3647.55276	0.97611
3645.49896	0.97635
3643.44515	0.97653
3641.39135	0.97635
3639.33755	0.97604
3637.28375	0.976
3635.22995	0.97617
3633.17614	0.97622
3631.12234	0.97593
3629.06854	0.97533
3627.01474	0.97526
3624.96093	0.97555
3622.90713	0.97553
3620.85333	0.97521
3618.79953	0.97516
3616.74573	0.97556
3614.69192	0.97573
3612.63812	0.97555
3610.58432	0.97552
3608.53052	0.97563
3606.47671	0.9757
3604.42291	0.97554
3602.36911	0.97529
3600.31531	0.9754
3598.26151	0.97573
3596.2077	0.97581
3594.1539	0.97573
3592.1001	0.97585
3590.0463	0.97604
3587.99249	0.97597
3585.93869	0.97569
3583.88489	0.97564
3581.83109	0.97583
3579.77728	0.97575
3577.72348	0.9754
3575.66968	0.97532
3573.61588	0.97546
3571.56208	0.9755
3569.50827	0.97556
3567.45447	0.97562
3565.40067	0.97568
3563.34687	0.97575
3561.29306	0.97551
3559.23926	0.97522
3557.18546	0.97521
3555.13166	0.97542
3553.07786	0.9756
3551.02405	0.97533
3548.97025	0.97492
3546.91645	0.97511
3544.86265	0.97546
3542.80884	0.97522
3540.75504	0.97484
3538.70124	0.97482
3536.64744	0.97497
3534.59364	0.97497
3532.53983	0.97492
3530.48603	0.97505
3528.43223	0.97546
3526.37843	0.97576
3524.32462	0.97557
3522.27082	0.97519
3520.21702	0.97499
3518.16322	0.97504
3516.10942	0.97507
3514.05561	0.97472
3512.00181	0.97434
3509.94801	0.97449
3507.89421	0.97484
3505.8404	0.97499
3503.7866	0.97493
3501.7328	0.97453
3499.679	0.97396
3497.6252	0.97385
3495.57139	0.97414
3493.51759	0.97427
3491.46379	0.97418
3489.40999	0.97408
3487.35618	0.97385
3485.30238	0.97366
3483.24858	0.97384
3481.19478	0.97427
3479.14098	0.97468
3477.08717	0.97496
3475.03337	0.97483
3472.97957	0.97448
3470.92577	0.97438
3468.87196	0.97437
3466.81816	0.97422
3464.76436	0.97422
3462.71056	0.97427
3460.65676	0.97403
3458.60295	0.97382
3456.54915	0.97389
3454.49535	0.97413
3452.44155	0.9743
3450.38774	0.97427
3448.33394	0.97429
3446.28014	0.97444
3444.22634	0.97439
3442.17254	0.97416
3440.11873	0.9739
3438.06493	0.9736
3436.01113	0.97339
3433.95733	0.97339
3431.90352	0.97353
3429.84972	0.97372
3427.79592	0.974
3425.74212	0.97418
3423.68832	0.97402
3421.63451	0.97362
3419.58071	0.97319
3417.52691	0.97279
3415.47311	0.97253
3413.4193	0.97273
3411.3655	0.97307
3409.3117	0.97306
3407.2579	0.97289
3405.2041	0.973
3403.15029	0.97309
3401.09649	0.97282
3399.04269	0.97283
3396.98889	0.97317
3394.93508	0.97324
3392.88128	0.9731
3390.82748	0.973
3388.77368	0.97297
3386.71988	0.97302
3384.66607	0.97321
3382.61227	0.97351
3380.55847	0.9736
3378.50467	0.97327
3376.45086	0.97286
3374.39706	0.97292
3372.34326	0.973
3370.28946	0.97272
3368.23566	0.97271
3366.18185	0.97294
3364.12805	0.97308
3362.07425	0.97329
3360.02045	0.97356
3357.96664	0.97366
3355.91284	0.97366
3353.85904	0.97362
3351.80524	0.97332
3349.75144	0.97276
3347.69763	0.97243
3345.64383	0.97272
3343.59003	0.9732
3341.53623	0.97338
3339.48242	0.97353
3337.42862	0.97379
3335.37482	0.97378
3333.32102	0.97363
3331.26722	0.97367
3329.21341	0.97349
3327.15961	0.97303
3325.10581	0.97283
3323.05201	0.97295
3320.9982	0.97309
3318.9444	0.97317
3316.8906	0.97331
3314.8368	0.97338
3312.783	0.97333
3310.72919	0.97331
3308.67539	0.97347
3306.62159	0.97372
3304.56779	0.97383
3302.51398	0.97384
3300.46018	0.97387
3298.40638	0.97389
3296.35258	0.97394
3294.29878	0.97399
3292.24497	0.97391
3290.19117	0.97371
3288.13737	0.97366
3286.08357	0.97379
3284.02976	0.97395
3281.97596	0.97417
3279.92216	0.97444
3277.86836	0.97457
3275.81456	0.97435
3273.76075	0.97411
3271.70695	0.9742
3269.65315	0.97428
3267.59935	0.97418
3265.54554	0.97423
3263.49174	0.9743
3261.43794	0.97414
3259.38414	0.97415
3257.33034	0.97456
3255.27653	0.97495
3253.22273	0.97506
3251.16893	0.97488
3249.11513	0.9747
3247.06132	0.97459
3245.00752	0.97448
3242.95372	0.97458
3240.89992	0.97479
3238.84611	0.97468
3236.79231	0.97445
3234.73851	0.97462
3232.68471	0.97487
3230.63091	0.9748
3228.5771	0.97487
3226.5233	0.97509
3224.4695	0.97487
3222.4157	0.97453
3220.36189	0.97453
3218.30809	0.97458
3216.25429	0.97438
3214.20049	0.97394
3212.14669	0.9735
3210.09288	0.97355
3208.03908	0.97406
3205.98528	0.97439
3203.93148	0.97419
3201.87767	0.97391
3199.82387	0.97398
3197.77007	0.97393
3195.71627	0.97367
3193.66247	0.9738
3191.60866	0.97417
3189.55486	0.97436
3187.50106	0.97455
3185.44726	0.9746
3183.39345	0.97425
3181.33965	0.97397
3179.28585	0.9741
3177.23205	0.97441
3175.17825	0.97478
3173.12444	0.97493
3171.07064	0.97453
3169.01684	0.97411
3166.96304	0.97435
3164.90923	0.975
3162.85543	0.9753
3160.80163	0.97522
3158.74783	0.97537
3156.69403	0.97552
3154.64022	0.97539
3152.58642	0.97526
3150.53262	0.97508
3148.47882	0.97488
3146.42501	0.97496
3144.37121	0.97513
3142.31741	0.9752
3140.26361	0.97521
3138.20981	0.97525
3136.156	0.97534
3134.1022	0.97531
3132.0484	0.97528
3129.9946	0.97544
3127.94079	0.97557
3125.88699	0.97559
3123.83319	0.97566
3121.77939	0.97584
3119.72559	0.97598
3117.67178	0.97612
3115.61798	0.9764
3113.56418	0.97649
3111.51038	0.97626
3109.45657	0.97602
3107.40277	0.97576
3105.34897	0.97556
3103.29517	0.97567
3101.24137	0.97582
3099.18756	0.97586
3097.13376	0.97603
3095.07996	0.97621
3093.02616	0.97627
3090.97235	0.97645
3088.91855	0.97669
3086.86475	0.97667
3084.81095	0.97652
3082.75715	0.97647
3080.70334	0.97624
3078.64954	0.97601
3076.59574	0.97615
3074.54194	0.97613
3072.48813	0.97566
3070.43433	0.97547
3068.38053	0.97579
3066.32673	0.97617
3064.27293	0.97632
3062.21912	0.97637
3060.16532	0.97658
3058.11152	0.97691
3056.05772	0.97698
3054.00391	0.97692
3051.95011	0.97705
3049.89631	0.97715
3047.84251	0.97709
3045.78871	0.97703
3043.7349	0.97701
3041.6811	0.97697
3039.6273	0.97697
3037.5735	0.97703
3035.51969	0.97712
3033.46589	0.97733
3031.41209	0.97748
3029.35829	0.97737
3027.30449	0.97718
3025.25068	0.97705
3023.19688	0.97699
3021.14308	0.97697
3019.08928	0.97693
3017.03547	0.97677
3014.98167	0.97641
3012.92787	0.97607
3010.87407	0.97584
3008.82027	0.97557
3006.76646	0.97536
3004.71266	0.97523
3002.65886	0.97497
3000.60506	0.97455
2998.55125	0.97385
2996.49745	0.97269
2994.44365	0.97136
2992.38985	0.97026
2990.33605	0.96911
2988.28224	0.96726
2986.22844	0.96457
2984.17464	0.96127
2982.12084	0.95732
2980.06703	0.95219
2978.01323	0.94518
2975.95943	0.93569
2973.90563	0.9233
2971.85183	0.90778
2969.79802	0.88963
2967.74422	0.86921
2965.69042	0.84625
2963.63662	0.82251
2961.58281	0.80366
2959.52901	0.79401
2957.47521	0.78977
2955.42141	0.78252
2953.36761	0.7686
2951.3138	0.75392
2949.26	0.74919
2947.2062	0.76039
2945.1524	0.78437
2943.09859	0.81225
2941.04479	0.83541
2938.99099	0.84897
2936.93719	0.85189
2934.88339	0.84532
2932.82958	0.83071
2930.77578	0.80992
2928.72198	0.7859
2926.66818	0.76158
2924.61437	0.73863
2922.56057	0.71703
2920.50677	0.69649
2918.45297	0.68036
2916.39917	0.67576
2914.34536	0.68594
2912.29156	0.70523
2910.23776	0.72482
2908.18396	0.74056
2906.13015	0.75394
2904.07635	0.76769
2902.02255	0.78261
2899.96875	0.7978
2897.91494	0.81208
2895.86114	0.82431
2893.80734	0.83348
2891.75354	0.83928
2889.69974	0.84187
2887.64593	0.84192
2885.59213	0.84042
2883.53833	0.83784
2881.48453	0.83402
2879.43072	0.82986
2877.37692	0.8278
2875.32312	0.82878
2873.26932	0.83
2871.21552	0.82811
2869.16171	0.82325
2867.10791	0.81968
2865.05411	0.82368
2863.00031	0.83825
2860.9465	0.85893
2858.8927	0.87772
2856.8389	0.88955
2854.7851	0.89321
2852.7313	0.89031
2850.67749	0.88425
2848.62369	0.87761
2846.56989	0.86958
2844.51609	0.85718
2842.46228	0.84035
2840.40848	0.82426
2838.35468	0.81623
2836.30088	0.82147
2834.24708	0.8394
2832.19327	0.8632
2830.13947	0.88513
2828.08567	0.90178
2826.03187	0.9133
2823.97806	0.92111
2821.92426	0.92677
2819.87046	0.93124
2817.81666	0.93488
2815.76286	0.93783
2813.70905	0.9402
2811.65525	0.94203
2809.60145	0.94354
2807.54765	0.94519
2805.49384	0.9471
2803.44004	0.94902
2801.38624	0.95081
2799.33244	0.95235
2797.27864	0.95337
2795.22483	0.95393
2793.17103	0.95455
2791.11723	0.95552
2789.06343	0.95678
2787.00962	0.95808
2784.95582	0.9592
2782.90202	0.96014
2780.84822	0.96087
2778.79442	0.96141
2776.74061	0.96189
2774.68681	0.96237
2772.63301	0.96281
2770.57921	0.96318
2768.5254	0.96349
2766.4716	0.96368
2764.4178	0.9637
2762.364	0.96382
2760.3102	0.96428
2758.25639	0.96491
2756.20259	0.96532
2754.14879	0.96549
2752.09499	0.96558
2750.04118	0.96553
2747.98738	0.96548
2745.93358	0.96555
2743.87978	0.96549
2741.82598	0.96513
2739.77217	0.96464
2737.71837	0.96406
2735.66457	0.96345
2733.61077	0.96319
2731.55696	0.96312
2729.50316	0.96272
2727.44936	0.96186
2725.39556	0.96087
2723.34176	0.96028
2721.28795	0.96052
2719.23415	0.96149
2717.18035	0.96247
2715.12655	0.9632
2713.07274	0.96397
2711.01894	0.96472
2708.96514	0.96522
2706.91134	0.96555
2704.85754	0.96573
2702.80373	0.96594
2700.74993	0.96628
2698.69613	0.96656
2696.64233	0.96672
2694.58852	0.96674
2692.53472	0.9667
2690.48092	0.96672
2688.42712	0.96683
2686.37332	0.96701
2684.31951	0.96715
2682.26571	0.96717
2680.21191	0.96719
2678.15811	0.96719
2676.1043	0.96711
2674.0505	0.96705
2671.9967	0.967
2669.9429	0.96702
2667.8891	0.9672
2665.83529	0.96726
2663.78149	0.96709
2661.72769	0.96694
2659.67389	0.9669
2657.62008	0.96686
2655.56628	0.96696
2653.51248	0.96729
2651.45868	0.96745
2649.40488	0.96729
2647.35107	0.96727
2645.29727	0.96743
2643.24347	0.96762
2641.18967	0.96787
2639.13586	0.968
2637.08206	0.96803
2635.02826	0.96824
2632.97446	0.96852
2630.92066	0.96863
2628.86685	0.96859
2626.81305	0.96865
2624.75925	0.96881
2622.70545	0.96893
2620.65164	0.96896
2618.59784	0.96888
2616.54404	0.96892
2614.49024	0.96907
2612.43644	0.96907
2610.38263	0.9691
2608.32883	0.9693
2606.27503	0.96952
2604.22123	0.96967
2602.16742	0.96973
2600.11362	0.96987
2598.05982	0.97011
2596.00602	0.97014
2593.95222	0.97003
2591.89841	0.96999
2589.84461	0.97
2587.79081	0.96979
2585.73701	0.96931
2583.6832	0.96893
2581.6294	0.96898
2579.5756	0.96935
2577.5218	0.96975
2575.468	0.96991
2573.41419	0.9699
2571.36039	0.97021
2569.30659	0.97079
2567.25279	0.9712
2565.19898	0.97137
2563.14518	0.97125
2561.09138	0.97076
2559.03758	0.97039
2556.98377	0.97051
2554.92997	0.971
2552.87617	0.97156
2550.82237	0.97185
2548.76857	0.97178
2546.71476	0.9716
2544.66096	0.97164
2542.60716	0.97178
2540.55336	0.97164
2538.49955	0.97171
2536.44575	0.97211
2534.39195	0.97213
2532.33815	0.97204
2530.28435	0.97239
2528.23054	0.97269
2526.17674	0.97241
2524.12294	0.97201
2522.06914	0.97197
2520.01533	0.97224
2517.96153	0.97268
2515.90773	0.97306
2513.85393	0.97331
2511.80013	0.97338
2509.74632	0.97326
2507.69252	0.9732
2505.63872	0.97344
2503.58492	0.97375
2501.53111	0.97367
2499.47731	0.97339
2497.42351	0.97339
2495.36971	0.97348
2493.31591	0.97322
2491.2621	0.97288
2489.2083	0.97273
2487.1545	0.97272
2485.1007	0.9727
2483.04689	0.97282
2480.99309	0.97323
2478.93929	0.9735
2476.88549	0.97362
2474.83169	0.97377
2472.77788	0.97388
2470.72408	0.97402
2468.67028	0.97412
2466.61648	0.97399
2464.56267	0.97361
2462.50887	0.97339
2460.45507	0.97359
2458.40127	0.97384
2456.34747	0.97378
2454.29366	0.97356
2452.23986	0.97356
2450.18606	0.97357
2448.13226	0.97325
2446.07845	0.97312
2444.02465	0.97353
2441.97085	0.97376
2439.91705	0.97346
2437.86325	0.97321
2435.80944	0.97298
2433.75564	0.97294
2431.70184	0.97325
2429.64804	0.97329
2427.59423	0.97302
2425.54043	0.9728
2423.48663	0.97292
2421.43283	0.9733
2419.37903	0.97349
2417.32522	0.97365
2415.27142	0.97381
2413.21762	0.9738
2411.16382	0.97391
2409.11001	0.97419
2407.05621	0.97429
2405.00241	0.97411
2402.94861	0.97388
2400.89481	0.97374
2398.841	0.9737
2396.7872	0.97382
2394.7334	0.9739
2392.6796	0.97384
2390.62579	0.97375
2388.57199	0.97361
2386.51819	0.97343
2384.46439	0.97352
2382.41059	0.97394
2380.35678	0.97416
2378.30298	0.97403
2376.24918	0.97385
2374.19538	0.97371
2372.14157	0.97326
2370.08777	0.97251
2368.03397	0.97268
2365.98017	0.97369
2363.92637	0.97396
2361.87256	0.97339
2359.81876	0.9727
2357.76496	0.97237
2355.71116	0.97248
2353.65735	0.97273
2351.60355	0.97268
2349.54975	0.97247
2347.49595	0.97245
2345.44215	0.97283
2343.38834	0.97362
2341.33454	0.97413
2339.28074	0.97375
2337.22694	0.97307
2335.17313	0.97292
2333.11933	0.97293
2331.06553	0.97277
2329.01173	0.9726
2326.95793	0.97201
2324.90412	0.97113
2322.85032	0.97092
2320.79652	0.97126
2318.74272	0.97152
2316.68891	0.97195
2314.63511	0.97256
2312.58131	0.97295
2310.52751	0.97311
2308.47371	0.97314
2306.4199	0.97305
2304.3661	0.97275
2302.3123	0.97238
2300.2585	0.97226
2298.20469	0.9723
2296.15089	0.97221
2294.09709	0.97221
2292.04329	0.97248
2289.98949	0.97271
2287.93568	0.97283
2285.88188	0.97289
2283.82808	0.97292
2281.77428	0.97343
2279.72047	0.97433
2277.66667	0.97456
2275.61287	0.97404
2273.55907	0.97393
2271.50527	0.97443
2269.45146	0.97468
2267.39766	0.97433
2265.34386	0.97367
2263.29006	0.97306
2261.23625	0.97276
2259.18245	0.97305
2257.12865	0.97368
2255.07485	0.97423
2253.02105	0.97428
2250.96724	0.97373
2248.91344	0.97349
2246.85964	0.97383
2244.80584	0.97423
2242.75203	0.97475
2240.69823	0.97492
2238.64443	0.97462
2236.59063	0.9745
2234.53683	0.97406
2232.48302	0.97339
2230.42922	0.97322
2228.37542	0.97338
2226.32162	0.9739
2224.26781	0.97432
2222.21401	0.97414
2220.16021	0.97403
2218.10641	0.974
2216.0526	0.97342
2213.9988	0.97297
2211.945	0.97376
2209.8912	0.97516
2207.8374	0.97567
2205.78359	0.97464
2203.72979	0.97357
2201.67599	0.97382
2199.62219	0.97444
2197.56838	0.97466
2195.51458	0.97461
2193.46078	0.97492
2191.40698	0.97591
2189.35318	0.97587
2187.29937	0.97416
2185.24557	0.97301
2183.19177	0.9742
2181.13797	0.97593
2179.08416	0.97561
2177.03036	0.97436
2174.97656	0.97409
2172.92276	0.97471
2170.86896	0.97457
2168.81515	0.97284
2166.76135	0.97148
2164.70755	0.97072
2162.65375	0.969
2160.59994	0.97008
2158.54614	0.97572
2156.49234	0.97868
2154.43854	0.97757
2152.38474	0.97751
2150.33093	0.97915
2148.27713	0.97998
2146.22333	0.97922
2144.16953	0.97754
2142.11572	0.97572
2140.06192	0.97481
2138.00812	0.97556
2135.95432	0.97741
2133.90052	0.97922
2131.84671	0.97975
2129.79291	0.97874
2127.73911	0.97749
2125.68531	0.97706
2123.6315	0.97722
2121.5777	0.97687
2119.5239	0.97592
2117.4701	0.97535
2115.4163	0.97518
2113.36249	0.9751
2111.30869	0.97525
2109.25489	0.97564
2107.20109	0.97623
2105.14728	0.97639
2103.09348	0.97569
2101.03968	0.97503
2098.98588	0.97487
2096.93208	0.97509
2094.87827	0.97542
2092.82447	0.97555
2090.77067	0.97584
2088.71687	0.9758
2086.66306	0.97511
2084.60926	0.97464
2082.55546	0.97435
2080.50166	0.97398
2078.44786	0.97382
2076.39405	0.97416
2074.34025	0.97494
2072.28645	0.97525
2070.23265	0.97512
2068.17884	0.97546
2066.12504	0.97555
2064.07124	0.97492
2062.01744	0.97434
2059.96364	0.97377
2057.90983	0.97355
2055.85603	0.97413
2053.80223	0.97429
2051.74843	0.97378
2049.69462	0.97391
2047.64082	0.97488
2045.58702	0.9755
2043.53322	0.97541
2041.47942	0.97476
2039.42561	0.97382
2037.37181	0.97326
2035.31801	0.97347
2033.26421	0.97456
2031.2104	0.97548
2029.1566	0.97558
2027.1028	0.97523
2025.049	0.9748
2022.9952	0.97485
2020.94139	0.97562
2018.88759	0.97716
2016.83379	0.97875
2014.77999	0.97958
2012.72618	0.97984
2010.67238	0.97948
2008.61858	0.97752
2006.56478	0.97496
2004.51098	0.97397
2002.45717	0.97442
2000.40337	0.9753
1998.34957	0.97613
1996.29577	0.97663
1994.24196	0.97625
1992.18816	0.97547
1990.13436	0.97514
1988.08056	0.97506
1986.02676	0.97556
1983.97295	0.97605
1981.91915	0.97581
1979.86535	0.97611
1977.81155	0.97681
1975.75774	0.97694
1973.70394	0.97721
1971.65014	0.97721
1969.59634	0.97712
1967.54254	0.97785
1965.48873	0.97784
1963.43493	0.97701
1961.38113	0.97753
1959.32733	0.97861
1957.27352	0.97827
1955.21972	0.97702
1953.16592	0.97612
1951.11212	0.97568
1949.05832	0.97556
1947.00451	0.97623
1944.95071	0.97727
1942.89691	0.97717
1940.84311	0.97621
1938.7893	0.97632
1936.7355	0.97727
1934.6817	0.97763
1932.6279	0.97748
1930.5741	0.97722
1928.52029	0.97661
1926.46649	0.97614
1924.41269	0.97631
1922.35889	0.97662
1920.30508	0.97647
1918.25128	0.97597
1916.19748	0.97571
1914.14368	0.97574
1912.08988	0.97554
1910.03607	0.97527
1907.98227	0.97552
1905.92847	0.97598
1903.87467	0.97625
1901.82086	0.9764
1899.76706	0.97621
1897.71326	0.97569
1895.65946	0.97541
1893.60566	0.97544
1891.55185	0.97533
1889.49805	0.97528
1887.44425	0.97526
1885.39045	0.97512
1883.33664	0.9754
1881.28284	0.97567
1879.22904	0.97526
1877.17524	0.97487
1875.12143	0.97503
1873.06763	0.97547
1871.01383	0.9757
1868.96003	0.9754
1866.90623	0.97513
1864.85242	0.97522
1862.79862	0.97511
1860.74482	0.97483
1858.69102	0.97474
1856.63721	0.97479
1854.58341	0.97497
1852.52961	0.97528
1850.47581	0.97557
1848.42201	0.97572
1846.3682	0.97551
1844.3144	0.975
1842.2606	0.97466
1840.2068	0.97476
1838.15299	0.97501
1836.09919	0.97494
1834.04539	0.97456
1831.99159	0.97434
1829.93779	0.97464
1827.88398	0.97498
1825.83018	0.97487
1823.77638	0.97461
1821.72258	0.97449
1819.66877	0.97464
1817.61497	0.97497
1815.56117	0.97514
1813.50737	0.97483
1811.45357	0.97422
1809.39976	0.97397
1807.34596	0.97405
1805.29216	0.97396
1803.23836	0.97386
1801.18455	0.97372
1799.13075	0.97353
1797.07695	0.97352
1795.02315	0.97349
1792.96935	0.97308
1790.91554	0.97274
1788.86174	0.97292
1786.80794	0.97302
1784.75414	0.97287
1782.70033	0.97284
1780.64653	0.973
1778.59273	0.97317
1776.53893	0.97322
1774.48513	0.97303
1772.43132	0.9727
1770.37752	0.97249
1768.32372	0.97249
1766.26992	0.97255
1764.21611	0.9725
1762.16231	0.97234
1760.10851	0.97221
1758.05471	0.97213
1756.00091	0.97207
1753.9471	0.97207
1751.8933	0.97198
1749.8395	0.97183
1747.7857	0.97166
1745.73189	0.9716
1743.67809	0.97159
1741.62429	0.97137
1739.57049	0.97108
1737.51669	0.97093
1735.46288	0.9709
1733.40908	0.97078
1731.35528	0.97055
1729.30148	0.97026
1727.24767	0.96984
1725.19387	0.9693
1723.14007	0.96862
1721.08627	0.96812
1719.03247	0.968
1716.97866	0.96798
1714.92486	0.96802
1712.87106	0.9682
1710.81726	0.96835
1708.76345	0.96845
1706.70965	0.96856
1704.65585	0.96858
1702.60205	0.96854
1700.54825	0.96842
1698.49444	0.96803
1696.44064	0.96777
1694.38684	0.96782
1692.33304	0.9679
1690.27923	0.96797
1688.22543	0.968
1686.17163	0.96788
1684.11783	0.96781
1682.06403	0.96787
1680.01022	0.96767
1677.95642	0.96736
1675.90262	0.96712
1673.84882	0.96697
1671.79501	0.96705
1669.74121	0.96736
1667.68741	0.96743
1665.63361	0.96712
1663.57981	0.96657
1661.526	0.96596
1659.4722	0.9656
1657.4184	0.96539
1655.3646	0.96493
1653.31079	0.96365
1651.25699	0.96235
1649.20319	0.96198
1647.14939	0.96218
1645.09559	0.96285
1643.04178	0.96343
1640.98798	0.96382
1638.93418	0.96418
1636.88038	0.96458
1634.82657	0.96506
1632.77277	0.96534
1630.71897	0.96541
1628.66517	0.96537
1626.61137	0.96542
1624.55756	0.96567
1622.50376	0.96592
1620.44996	0.96605
1618.39616	0.96609
1616.34235	0.96619
1614.28855	0.96641
1612.23475	0.96649
1610.18095	0.96656
1608.12715	0.96683
1606.07334	0.96704
1604.01954	0.96706
1601.96574	0.96712
1599.91194	0.9674
1597.85813	0.96759
1595.80433	0.9675
1593.75053	0.96731
1591.69673	0.9672
1589.64293	0.96726
1587.58912	0.9674
1585.53532	0.96741
1583.48152	0.96737
1581.42772	0.96738
1579.37391	0.96731
1577.32011	0.96716
1575.26631	0.96718
1573.21251	0.96729
1571.15871	0.96721
1569.1049	0.96694
1567.0511	0.96664
1564.9973	0.96631
1562.9435	0.9661
1560.88969	0.96608
1558.83589	0.96594
1556.78209	0.96561
1554.72829	0.96515
1552.67449	0.96451
1550.62068	0.96398
1548.56688	0.96363
1546.51308	0.96324
1544.45928	0.96266
1542.40547	0.962
1540.35167	0.9613
1538.29787	0.96066
1536.24407	0.96008
1534.19026	0.95942
1532.13646	0.95873
1530.08266	0.95816
1528.02886	0.95751
1525.97506	0.95667
1523.92125	0.95594
1521.86745	0.95551
1519.81365	0.95512
1517.75985	0.95444
1515.70604	0.95365
1513.65224	0.95302
1511.59844	0.95231
1509.54464	0.95152
1507.49084	0.95089
1505.43703	0.95054
1503.38323	0.95029
1501.32943	0.9499
1499.27563	0.94928
1497.22182	0.94867
1495.16802	0.9482
1493.11422	0.94759
1491.06042	0.94673
1489.00662	0.94566
1486.95281	0.94431
1484.89901	0.94276
1482.84521	0.94098
1480.79141	0.9387
1478.7376	0.9357
1476.6838	0.93109
1474.63	0.92342
1472.5762	0.91117
1470.5224	0.89691
1468.46859	0.8832
1466.41479	0.86634
1464.36099	0.84567
1462.30719	0.82996
1460.25338	0.82144
1458.19958	0.81495
1456.14578	0.80914
1454.09198	0.80674
1452.03818	0.80691
1449.98437	0.81124
1447.93057	0.82472
1445.87677	0.84628
1443.82297	0.8674
1441.76916	0.88325
1439.71536	0.89194
1437.66156	0.89455
1435.60776	0.89636
1433.55396	0.90367
1431.50015	0.91504
1429.44635	0.92582
1427.39255	0.93246
1425.33875	0.93622
1423.28494	0.9388
1421.23114	0.94059
1419.17734	0.94216
1417.12354	0.94358
1415.06974	0.94463
1413.01593	0.94552
1410.96213	0.94651
1408.90833	0.94757
1406.85453	0.94857
1404.80072	0.94946
1402.74692	0.95022
1400.69312	0.95079
1398.63932	0.95121
1396.58552	0.95146
1394.53171	0.95153
1392.47791	0.95113
1390.42411	0.94964
1388.37031	0.94608
1386.3165	0.93807
1384.2627	0.92237
1382.2089	0.8943
1380.1551	0.84863
1378.1013	0.79143
1376.04749	0.7513
1373.99369	0.76036
1371.93989	0.80889
1369.88609	0.8584
1367.83228	0.89223
1365.77848	0.90843
1363.72468	0.91177
1361.67088	0.90749
1359.61708	0.90266
1357.56327	0.90408
1355.50947	0.9128
1353.45567	0.92408
1351.40187	0.93325
1349.34806	0.93958
1347.29426	0.94395
1345.24046	0.94696
1343.18666	0.94905
1341.13286	0.95056
1339.07905	0.95151
1337.02525	0.95164
1334.97145	0.95117
1332.91765	0.95049
1330.86384	0.9498
1328.81004	0.94972
1326.75624	0.95071
1324.70244	0.95243
1322.64864	0.9542
1320.59483	0.9556
1318.54103	0.95661
1316.48723	0.95739
1314.43343	0.95779
1312.37962	0.95765
1310.32582	0.95668
1308.27202	0.954
1306.21822	0.94993
1304.16442	0.94744
1302.11061	0.94837
1300.05681	0.95051
1298.00301	0.95155
1295.94921	0.9519
1293.8954	0.95269
1291.8416	0.95397
1289.7878	0.95509
1287.734	0.95592
1285.6802	0.95681
1283.62639	0.95774
1281.57259	0.95832
1279.51879	0.95856
1277.46499	0.9587
1275.41118	0.95892
1273.35738	0.95932
1271.30358	0.9595
1269.24978	0.95928
1267.19598	0.95899
1265.14217	0.95866
1263.08837	0.95788
1261.03457	0.95628
1258.98077	0.95375
1256.92696	0.9512
1254.87316	0.9505
1252.81936	0.95239
1250.76556	0.95528
1248.71176	0.95739
1246.65795	0.95839
1244.60415	0.95874
1242.55035	0.95893
1240.49655	0.95914
1238.44274	0.9593
1236.38894	0.95944
1234.33514	0.95957
1232.28134	0.95957
1230.22754	0.95943
1228.17373	0.95914
1226.11993	0.9587
1224.06613	0.95809
1222.01233	0.95723
1219.95852	0.95646
1217.90472	0.95634
1215.85092	0.95682
1213.79712	0.95763
1211.74332	0.95852
1209.68951	0.95902
1207.63571	0.95924
1205.58191	0.95956
1203.52811	0.95988
1201.4743	0.9601
1199.4205	0.96019
1197.3667	0.96006
1195.3129	0.95985
1193.25909	0.95969
1191.20529	0.95967
1189.15149	0.95974
1187.09769	0.95959
1185.04389	0.95909
1182.99008	0.95842
1180.93628	0.95757
1178.88248	0.95608
1176.82868	0.9532
1174.77487	0.94787
1172.72107	0.93908
1170.66727	0.92731
1168.61347	0.9168
1166.55967	0.91315
1164.50586	0.91699
1162.45206	0.92397
1160.39826	0.93027
1158.34446	0.93469
1156.29065	0.93724
1154.23685	0.93864
1152.18305	0.9401
1150.12925	0.94225
1148.07545	0.94487
1146.02164	0.94749
1143.96784	0.94966
1141.91404	0.95116
1139.86024	0.95232
1137.80643	0.95329
1135.75263	0.95389
1133.69883	0.95411
1131.64503	0.95412
1129.59123	0.95402
1127.53742	0.95371
1125.48362	0.95301
1123.42982	0.95217
1121.37602	0.95178
1119.32221	0.95166
1117.26841	0.95125
1115.21461	0.95053
1113.16081	0.94974
1111.10701	0.94872
1109.0532	0.94725
1106.9994	0.94535
1104.9456	0.94322
1102.8918	0.94166
1100.83799	0.94144
1098.78419	0.94231
1096.73039	0.94341
1094.67659	0.94406
1092.62279	0.94401
1090.56898	0.9438
1088.51518	0.94415
1086.46138	0.94477
1084.40758	0.94489
1082.35377	0.94465
1080.29997	0.94483
1078.24617	0.94515
1076.19237	0.94489
1074.13857	0.94441
1072.08476	0.94435
1070.03096	0.94449
1067.97716	0.9445
1065.92336	0.94438
1063.86955	0.94412
1061.81575	0.94372
1059.76195	0.94343
1057.70815	0.94326
1055.65435	0.94285
1053.60054	0.94218
1051.54674	0.9412
1049.49294	0.93975
1047.43914	0.93794
1045.38533	0.93649
1043.33153	0.93616
1041.27773	0.93688
1039.22393	0.93775
1037.17013	0.938
1035.11632	0.93778
1033.06252	0.93791
1031.00872	0.93847
1028.95492	0.93899
1026.90111	0.93955
1024.84731	0.94027
1022.79351	0.94075
1020.73971	0.94104
1018.68591	0.94125
1016.6321	0.94094
1014.5783	0.94026
1012.5245	0.93978
1010.4707	0.93943
1008.41689	0.93856
1006.36309	0.93636
1004.30929	0.93137
1002.25549	0.92151
1000.20169	0.90752
998.14788	0.89717
996.09408	0.89925
994.04028	0.91169
991.98648	0.92504
989.93267	0.93413
987.87887	0.93919
985.82507	0.94157
983.77127	0.94208
981.71747	0.94027
979.66366	0.93467
977.60986	0.92433
975.55606	0.9102
973.50226	0.89845
971.44845	0.89887
969.39465	0.91217
967.34085	0.92762
965.28705	0.93774
963.23325	0.94349
961.17944	0.94713
959.12564	0.94961
957.07184	0.95153
955.01804	0.95299
952.96423	0.95396
950.91043	0.95442
948.85663	0.95448
946.80283	0.95454
944.74903	0.95428
942.69522	0.95332
940.64142	0.95253
938.58762	0.95273
936.53382	0.95375
934.48001	0.95509
932.42621	0.95626
930.37241	0.95704
928.31861	0.95745
926.26481	0.95762
924.211	0.95782
922.1572	0.95779
920.1034	0.95719
918.0496	0.95655
915.99579	0.95652
913.94199	0.95647
911.88819	0.95564
909.83439	0.95446
907.78059	0.95324
905.72678	0.95107
903.67298	0.94687
901.61918	0.94132
899.56538	0.93761
897.51157	0.93839
895.45777	0.94179
893.40397	0.9434
891.35017	0.94108
889.29637	0.93601
887.24256	0.93198
885.18876	0.93207
883.13496	0.93598
881.08116	0.94078
879.02735	0.94401
876.97355	0.94592
874.91975	0.94733
872.86595	0.94877
870.81215	0.95083
868.75834	0.95256
866.70454	0.95275
864.65074	0.95223
862.59694	0.95204
860.54313	0.95166
858.48933	0.95069
856.43553	0.95002
854.38173	0.95062
852.32792	0.95157
850.27412	0.95104
848.22032	0.94821
846.16652	0.94119
844.11272	0.92701
842.05891	0.91133
840.00511	0.90924
837.95131	0.92296
835.89751	0.93836
833.8437	0.94705
831.7899	0.95072
829.7361	0.95231
827.6823	0.95298
825.6285	0.95307
823.57469	0.95282
821.52089	0.95248
819.46709	0.95209
817.41329	0.95104
815.35948	0.94816
813.30568	0.94275
811.25188	0.9366
809.19808	0.93324
807.14428	0.93475
805.09047	0.93982
803.03667	0.94498
800.98287	0.9482
798.92907	0.9503
796.87526	0.95199
794.82146	0.95293
792.76766	0.95328
790.71386	0.95368
788.66006	0.95422
786.60625	0.95457
784.55245	0.95453
782.49865	0.95427
780.44485	0.95439
778.39104	0.955
776.33724	0.95556
774.28344	0.95628
772.22964	0.95714
770.17584	0.95707
768.12203	0.95595
766.06823	0.95525
764.01443	0.95584
761.96063	0.95656
759.90682	0.95599
757.85302	0.95458
755.79922	0.95352
753.74542	0.95309
751.69162	0.95307
749.63781	0.95325
747.58401	0.95327
745.53021	0.95318
743.47641	0.953
741.4226	0.95264
739.3688	0.9526
737.315	0.9524
735.2612	0.95099
733.2074	0.94836
731.15359	0.94579
729.09979	0.94498
727.04599	0.94552
724.99219	0.94561
722.93838	0.94434
720.88458	0.94236
718.83078	0.94169
716.77698	0.94242
714.72318	0.94326
712.66937	0.94424
710.61557	0.94532
708.56177	0.94586
706.50797	0.94593
704.45416	0.94592
702.40036	0.94544
700.34656	0.94441
698.29276	0.94369
696.23896	0.94345
694.18515	0.94325
692.13135	0.94295
690.07755	0.94236
688.02375	0.94211
685.96994	0.94278
683.91614	0.94346
681.86234	0.94366
679.80854	0.94336
677.75474	0.94249
675.70093	0.94216
673.64713	0.94255
671.59333	0.94272
669.53953	0.94249
667.48572	0.94226
665.43192	0.94246
663.37812	0.94253
661.32432	0.94226
659.27052	0.94221
657.21671	0.9428
655.16291	0.94328
653.10911	0.94275
651.05531	0.94194
649.0015	0.94185
646.9477	0.94248
644.8939	0.94348
642.8401	0.94403
640.7863	0.94315
638.73249	0.94152
636.67869	0.94084
634.62489	0.94109
632.57109	0.9411
630.51728	0.94091
628.46348	0.94137
626.40968	0.94211
624.35588	0.94208
622.30208	0.94147
620.24827	0.941
618.19447	0.94063
616.14067	0.94025
614.08687	0.93985
612.03306	0.93997
609.97926	0.94055
607.92546	0.94071
605.87166	0.94103
603.81786	0.94155
601.76405	0.94102
599.71025	0.9397
597.65645	0.93906
595.60265	0.93961
593.54884	0.94014
591.49504	0.93977
589.44124	0.93911
587.38744	0.93903
585.33364	0.93943
583.27983	0.9394
581.22603	0.9385
579.17223	0.93771
577.11843	0.93744
575.06462	0.93712
573.01082	0.93729
570.95702	0.93832
568.90322	0.93913
566.84942	0.93862
564.79561	0.93736
562.74181	0.93627
560.68801	0.9353
558.63421	0.9345
556.5804	0.9341
554.5266	0.93368
552.4728	0.9335
550.419	0.93433
548.3652	0.93472
546.31139	0.93403
544.25759	0.93333
542.20379	0.93251
540.14999	0.93211
538.09618	0.93262
536.04238	0.9328
533.98858	0.93163
531.93478	0.92973
529.88098	0.92849
527.82717	0.92923
525.77337	0.93173
523.71957	0.93391
521.66577	0.93476
519.61196	0.93449
517.55816	0.93465
515.50436	0.93637
513.45056	0.93845
511.39675	0.9396
509.34295	0.9392
507.28915	0.93827
505.23535	0.93816
503.18155	0.93924
501.12774	0.94129
499.07394	0.94224
497.02014	0.94167
494.96634	0.94205
492.91253	0.94313
490.85873	0.94298
488.80493	0.94201
486.75113	0.94158
484.69733	0.9418
482.64352	0.94214
480.58972	0.94188
478.53592	0.94084
476.48212	0.94053
474.42831	0.94031
472.37451	0.93717
470.32071	0.9325
468.26691	0.93035
466.21311	0.93031
464.1593	0.92881
462.1055	0.92523
460.0517	0.92225
457.9979	0.92192
455.94409	0.92413
453.89029	0.92751
451.83649	0.93173
449.78269	0.93494
447.72889	0.93492
445.67508	0.93338
443.62128	0.93329
441.56748	0.93502
439.51368	0.93802
437.45987	0.941
435.40607	0.94071
433.35227	0.93677
431.29847	0.93366
429.24467	0.9331
427.19086	0.93359
425.13706	0.93319
423.08326	0.93106
421.02946	0.93082
418.97565	0.93547
416.92185	0.9386
414.86805	0.93748
412.81425	0.93699
410.76045	0.93778
408.70664	0.93649
406.65284	0.93489
404.59904	0.93793
402.54524	0.94053
400.49143	0.93897
398.43763	0.93771
KMeans Clustering	1.0
Spectral Clustering	3.0
Agglomerative Clustering	9.0
