Numero de onda	Muestra 262
3996.69914	0.98551
3994.64534	0.98529
3992.59153	0.98484
3990.53773	0.98442
3988.48393	0.98436
3986.43013	0.98491
3984.37632	0.98531
3982.32252	0.98512
3980.26872	0.985
3978.21492	0.98497
3976.16112	0.98481
3974.10731	0.9849
3972.05351	0.98514
3969.99971	0.9852
3967.94591	0.98512
3965.8921	0.98483
3963.8383	0.98442
3961.7845	0.98432
3959.7307	0.98461
3957.6769	0.98499
3955.62309	0.98523
3953.56929	0.98509
3951.51549	0.98466
3949.46169	0.98454
3947.40788	0.9848
3945.35408	0.98481
3943.30028	0.98456
3941.24648	0.98454
3939.19268	0.98474
3937.13887	0.98471
3935.08507	0.98442
3933.03127	0.98439
3930.97747	0.98468
3928.92366	0.98478
3926.86986	0.98453
3924.81606	0.98419
3922.76226	0.98418
3920.70845	0.98438
3918.65465	0.98452
3916.60085	0.98457
3914.54705	0.98465
3912.49325	0.98483
3910.43944	0.98497
3908.38564	0.98496
3906.33184	0.98482
3904.27804	0.98463
3902.22423	0.98466
3900.17043	0.98496
3898.11663	0.98511
3896.06283	0.98508
3894.00903	0.98512
3891.95522	0.98523
3889.90142	0.9852
3887.84762	0.98501
3885.79382	0.98486
3883.74001	0.9849
3881.68621	0.98499
3879.63241	0.98493
3877.57861	0.98486
3875.52481	0.98486
3873.471	0.98471
3871.4172	0.98442
3869.3634	0.98434
3867.3096	0.98457
3865.25579	0.98468
3863.20199	0.98446
3861.14819	0.9843
3859.09439	0.98465
3857.04059	0.98525
3854.98678	0.98552
3852.93298	0.9852
3850.87918	0.985
3848.82538	0.98517
3846.77157	0.98525
3844.71777	0.98515
3842.66397	0.98506
3840.61017	0.98494
3838.55637	0.98482
3836.50256	0.98513
3834.44876	0.98567
3832.39496	0.98583
3830.34116	0.98546
3828.28735	0.98503
3826.23355	0.98491
3824.17975	0.98507
3822.12595	0.98507
3820.07215	0.98484
3818.01834	0.98487
3815.96454	0.98494
3813.91074	0.9849
3811.85694	0.98484
3809.80313	0.98463
3807.74933	0.9845
3805.69553	0.98468
3803.64173	0.98489
3801.58793	0.985
3799.53412	0.9852
3797.48032	0.98534
3795.42652	0.98514
3793.37272	0.98503
3791.31891	0.98512
3789.26511	0.98507
3787.21131	0.98509
3785.15751	0.98522
3783.10371	0.98514
3781.0499	0.98511
3778.9961	0.98524
3776.9423	0.98532
3774.8885	0.98545
3772.83469	0.98543
3770.78089	0.98512
3768.72709	0.98484
3766.67329	0.98464
3764.61949	0.9847
3762.56568	0.98528
3760.51188	0.98568
3758.45808	0.98561
3756.40428	0.98578
3754.35047	0.9863
3752.29667	0.98656
3750.24287	0.98633
3748.18907	0.98614
3746.13527	0.98609
3744.08146	0.98614
3742.02766	0.98644
3739.97386	0.9868
3737.92006	0.98681
3735.86625	0.98633
3733.81245	0.98603
3731.75865	0.98616
3729.70485	0.9863
3727.65105	0.98649
3725.59724	0.98675
3723.54344	0.98685
3721.48964	0.98655
3719.43584	0.98594
3717.38203	0.98572
3715.32823	0.98593
3713.27443	0.98606
3711.22063	0.98583
3709.16683	0.98541
3707.11302	0.9851
3705.05922	0.98483
3703.00542	0.98475
3700.95162	0.98495
3698.89781	0.98515
3696.84401	0.9852
3694.79021	0.9853
3692.73641	0.98541
3690.68261	0.98518
3688.6288	0.98468
3686.575	0.98454
3684.5212	0.98477
3682.4674	0.98508
3680.41359	0.98548
3678.35979	0.98598
3676.30599	0.98601
3674.25219	0.98545
3672.19839	0.98526
3670.14458	0.98529
3668.09078	0.98556
3666.03698	0.98597
3663.98318	0.986
3661.92937	0.98586
3659.87557	0.98589
3657.82177	0.98592
3655.76797	0.98574
3653.71417	0.98554
3651.66036	0.98565
3649.60656	0.98592
3647.55276	0.9857
3645.49896	0.98534
3643.44515	0.98514
3641.39135	0.98493
3639.33755	0.98488
3637.28375	0.98496
3635.22995	0.98494
3633.17614	0.98471
3631.12234	0.98424
3629.06854	0.98391
3627.01474	0.9841
3624.96093	0.98441
3622.90713	0.98446
3620.85333	0.98409
3618.79953	0.98379
3616.74573	0.98404
3614.69192	0.98425
3612.63812	0.984
3610.58432	0.98368
3608.53052	0.98373
3606.47671	0.98401
3604.42291	0.98413
3602.36911	0.98385
3600.31531	0.98353
3598.26151	0.98366
3596.2077	0.98375
3594.1539	0.98342
3592.1001	0.98341
3590.0463	0.98381
3587.99249	0.98394
3585.93869	0.98411
3583.88489	0.9845
3581.83109	0.98438
3579.77728	0.98391
3577.72348	0.98357
3575.66968	0.98316
3573.61588	0.98281
3571.56208	0.98273
3569.50827	0.98261
3567.45447	0.98243
3565.40067	0.98247
3563.34687	0.98246
3561.29306	0.9824
3559.23926	0.98242
3557.18546	0.98225
3555.13166	0.98195
3553.07786	0.98164
3551.02405	0.9813
3548.97025	0.98112
3546.91645	0.98121
3544.86265	0.98142
3542.80884	0.98152
3540.75504	0.98177
3538.70124	0.98211
3536.64744	0.98184
3534.59364	0.981
3532.53983	0.98058
3530.48603	0.98073
3528.43223	0.98082
3526.37843	0.98062
3524.32462	0.98051
3522.27082	0.98063
3520.21702	0.98061
3518.16322	0.98036
3516.10942	0.98025
3514.05561	0.98039
3512.00181	0.98048
3509.94801	0.98037
3507.89421	0.98008
3505.8404	0.97963
3503.7866	0.9794
3501.7328	0.9797
3499.679	0.98005
3497.6252	0.97996
3495.57139	0.9797
3493.51759	0.97951
3491.46379	0.97919
3489.40999	0.97887
3487.35618	0.97887
3485.30238	0.97882
3483.24858	0.97859
3481.19478	0.97852
3479.14098	0.97854
3477.08717	0.97837
3475.03337	0.97795
3472.97957	0.9777
3470.92577	0.97787
3468.87196	0.97799
3466.81816	0.97787
3464.76436	0.9777
3462.71056	0.97753
3460.65676	0.9773
3458.60295	0.97703
3456.54915	0.97679
3454.49535	0.97666
3452.44155	0.97676
3450.38774	0.97718
3448.33394	0.97757
3446.28014	0.97745
3444.22634	0.977
3442.17254	0.97674
3440.11873	0.97668
3438.06493	0.9766
3436.01113	0.97644
3433.95733	0.97628
3431.90352	0.976
3429.84972	0.97569
3427.79592	0.97571
3425.74212	0.97596
3423.68832	0.97607
3421.63451	0.97607
3419.58071	0.97595
3417.52691	0.97563
3415.47311	0.97525
3413.4193	0.975
3411.3655	0.97508
3409.3117	0.97538
3407.2579	0.97528
3405.2041	0.97475
3403.15029	0.97441
3401.09649	0.97451
3399.04269	0.97469
3396.98889	0.97483
3394.93508	0.97487
3392.88128	0.97475
3390.82748	0.97465
3388.77368	0.97453
3386.71988	0.97416
3384.66607	0.97361
3382.61227	0.97331
3380.55847	0.97352
3378.50467	0.97367
3376.45086	0.97348
3374.39706	0.97327
3372.34326	0.97323
3370.28946	0.97332
3368.23566	0.97323
3366.18185	0.97286
3364.12805	0.97261
3362.07425	0.97257
3360.02045	0.97241
3357.96664	0.97213
3355.91284	0.97189
3353.85904	0.97195
3351.80524	0.97231
3349.75144	0.97235
3347.69763	0.97188
3345.64383	0.97136
3343.59003	0.97089
3341.53623	0.9707
3339.48242	0.97082
3337.42862	0.97086
3335.37482	0.97083
3333.32102	0.97094
3331.26722	0.97109
3329.21341	0.97089
3327.15961	0.97025
3325.10581	0.96977
3323.05201	0.96992
3320.9982	0.97017
3318.9444	0.9701
3316.8906	0.96984
3314.8368	0.96942
3312.783	0.9691
3310.72919	0.96909
3308.67539	0.969
3306.62159	0.96868
3304.56779	0.96845
3302.51398	0.96851
3300.46018	0.9687
3298.40638	0.96875
3296.35258	0.96855
3294.29878	0.96839
3292.24497	0.96836
3290.19117	0.96841
3288.13737	0.96856
3286.08357	0.96861
3284.02976	0.96836
3281.97596	0.96798
3279.92216	0.96779
3277.86836	0.96768
3275.81456	0.96737
3273.76075	0.96725
3271.70695	0.96759
3269.65315	0.96811
3267.59935	0.96846
3265.54554	0.96855
3263.49174	0.96853
3261.43794	0.96858
3259.38414	0.96892
3257.33034	0.96959
3255.27653	0.97005
3253.22273	0.97002
3251.16893	0.96988
3249.11513	0.96984
3247.06132	0.96998
3245.00752	0.9702
3242.95372	0.97033
3240.89992	0.97051
3238.84611	0.97068
3236.79231	0.97081
3234.73851	0.97107
3232.68471	0.97131
3230.63091	0.9713
3228.5771	0.97125
3226.5233	0.9715
3224.4695	0.9719
3222.4157	0.97187
3220.36189	0.97152
3218.30809	0.97127
3216.25429	0.97126
3214.20049	0.97145
3212.14669	0.97174
3210.09288	0.97203
3208.03908	0.97219
3205.98528	0.97223
3203.93148	0.97242
3201.87767	0.97263
3199.82387	0.9725
3197.77007	0.97221
3195.71627	0.97204
3193.66247	0.97207
3191.60866	0.97245
3189.55486	0.97306
3187.50106	0.97346
3185.44726	0.97336
3183.39345	0.97308
3181.33965	0.97306
3179.28585	0.97336
3177.23205	0.97353
3175.17825	0.9735
3173.12444	0.97349
3171.07064	0.97345
3169.01684	0.97345
3166.96304	0.97365
3164.90923	0.97393
3162.85543	0.97429
3160.80163	0.9746
3158.74783	0.9746
3156.69403	0.97443
3154.64022	0.97452
3152.58642	0.97485
3150.53262	0.97518
3148.47882	0.97543
3146.42501	0.9754
3144.37121	0.97507
3142.31741	0.97486
3140.26361	0.97499
3138.20981	0.97527
3136.156	0.97554
3134.1022	0.97571
3132.0484	0.97574
3129.9946	0.97591
3127.94079	0.97611
3125.88699	0.97606
3123.83319	0.97594
3121.77939	0.97584
3119.72559	0.97571
3117.67178	0.9756
3115.61798	0.9757
3113.56418	0.97592
3111.51038	0.97595
3109.45657	0.97592
3107.40277	0.97608
3105.34897	0.97617
3103.29517	0.97601
3101.24137	0.97589
3099.18756	0.97586
3097.13376	0.97576
3095.07996	0.97559
3093.02616	0.97548
3090.97235	0.97541
3088.91855	0.97522
3086.86475	0.97495
3084.81095	0.97481
3082.75715	0.97492
3080.70334	0.97519
3078.64954	0.97536
3076.59574	0.97521
3074.54194	0.97493
3072.48813	0.975
3070.43433	0.97536
3068.38053	0.97549
3066.32673	0.97527
3064.27293	0.97497
3062.21912	0.97489
3060.16532	0.97505
3058.11152	0.97521
3056.05772	0.97523
3054.00391	0.9751
3051.95011	0.97492
3049.89631	0.97487
3047.84251	0.97503
3045.78871	0.9754
3043.7349	0.97566
3041.6811	0.97542
3039.6273	0.97491
3037.5735	0.97469
3035.51969	0.97482
3033.46589	0.97494
3031.41209	0.97495
3029.35829	0.97493
3027.30449	0.97484
3025.25068	0.97475
3023.19688	0.97475
3021.14308	0.97475
3019.08928	0.97486
3017.03547	0.97507
3014.98167	0.97499
3012.92787	0.97461
3010.87407	0.97428
3008.82027	0.97411
3006.76646	0.97409
3004.71266	0.97415
3002.65886	0.97417
3000.60506	0.97403
2998.55125	0.97374
2996.49745	0.97345
2994.44365	0.973
2992.38985	0.97235
2990.33605	0.97188
2988.28224	0.97157
2986.22844	0.97096
2984.17464	0.97002
2982.12084	0.96907
2980.06703	0.9681
2978.01323	0.96678
2975.95943	0.96512
2973.90563	0.96331
2971.85183	0.96129
2969.79802	0.95884
2967.74422	0.95606
2965.69042	0.95328
2963.63662	0.95062
2961.58281	0.94803
2959.52901	0.94552
2957.47521	0.9434
2955.42141	0.94179
2953.36761	0.94037
2951.3138	0.93907
2949.26	0.93751
2947.2062	0.93468
2945.1524	0.9299
2943.09859	0.923
2941.04479	0.9139
2938.99099	0.90276
2936.93719	0.88983
2934.88339	0.87506
2932.82958	0.85819
2930.77578	0.83918
2928.72198	0.81792
2926.66818	0.7941
2924.61437	0.76768
2922.56057	0.73953
2920.50677	0.71169
2918.45297	0.68834
2916.39917	0.6757
2914.34536	0.67869
2912.29156	0.69628
2910.23776	0.72156
2908.18396	0.74703
2906.13015	0.76887
2904.07635	0.78655
2902.02255	0.80063
2899.96875	0.81215
2897.91494	0.82217
2895.86114	0.8315
2893.80734	0.84079
2891.75354	0.85018
2889.69974	0.85936
2887.64593	0.86826
2885.59213	0.87693
2883.53833	0.88512
2881.48453	0.89257
2879.43072	0.89914
2877.37692	0.90455
2875.32312	0.90855
2873.26932	0.91131
2871.21552	0.91292
2869.16171	0.91307
2867.10791	0.91135
2865.05411	0.90703
2863.00031	0.89901
2860.9465	0.88605
2858.8927	0.86686
2856.8389	0.84009
2854.7851	0.80486
2852.7313	0.76344
2850.67749	0.72615
2848.62369	0.70985
2846.56989	0.72425
2844.51609	0.76155
2842.46228	0.80501
2840.40848	0.84296
2838.35468	0.87203
2836.30088	0.89336
2834.24708	0.90891
2832.19327	0.92028
2830.13947	0.92881
2828.08567	0.9353
2826.03187	0.9403
2823.97806	0.94429
2821.92426	0.94757
2819.87046	0.95029
2817.81666	0.95261
2815.76286	0.95472
2813.70905	0.95659
2811.65525	0.95805
2809.60145	0.95924
2807.54765	0.96036
2805.49384	0.96147
2803.44004	0.96241
2801.38624	0.9632
2799.33244	0.96408
2797.27864	0.96499
2795.22483	0.96581
2793.17103	0.96659
2791.11723	0.9673
2789.06343	0.96786
2787.00962	0.96838
2784.95582	0.96906
2782.90202	0.96983
2780.84822	0.97044
2778.79442	0.9709
2776.74061	0.97121
2774.68681	0.97147
2772.63301	0.97189
2770.57921	0.97224
2768.5254	0.97247
2766.4716	0.97292
2764.4178	0.97345
2762.364	0.97372
2760.3102	0.97379
2758.25639	0.97387
2756.20259	0.97397
2754.14879	0.97405
2752.09499	0.97408
2750.04118	0.9741
2747.98738	0.97423
2745.93358	0.97455
2743.87978	0.97483
2741.82598	0.97483
2739.77217	0.97476
2737.71837	0.97485
2735.66457	0.97496
2733.61077	0.97498
2731.55696	0.97501
2729.50316	0.97519
2727.44936	0.97547
2725.39556	0.97572
2723.34176	0.97588
2721.28795	0.97602
2719.23415	0.97625
2717.18035	0.97645
2715.12655	0.97656
2713.07274	0.9767
2711.01894	0.97679
2708.96514	0.97671
2706.91134	0.97662
2704.85754	0.97663
2702.80373	0.9767
2700.74993	0.97695
2698.69613	0.97742
2696.64233	0.97781
2694.58852	0.97792
2692.53472	0.97779
2690.48092	0.97754
2688.42712	0.97741
2686.37332	0.97744
2684.31951	0.97746
2682.26571	0.97731
2680.21191	0.97699
2678.15811	0.97677
2676.1043	0.97692
2674.0505	0.97727
2671.9967	0.97749
2669.9429	0.97739
2667.8891	0.97705
2665.83529	0.9769
2663.78149	0.97693
2661.72769	0.97684
2659.67389	0.97671
2657.62008	0.97674
2655.56628	0.9769
2653.51248	0.97698
2651.45868	0.9769
2649.40488	0.97678
2647.35107	0.97677
2645.29727	0.9768
2643.24347	0.97674
2641.18967	0.97672
2639.13586	0.9768
2637.08206	0.97699
2635.02826	0.97722
2632.97446	0.97744
2630.92066	0.97766
2628.86685	0.97774
2626.81305	0.97772
2624.75925	0.97797
2622.70545	0.97834
2620.65164	0.97841
2618.59784	0.9784
2616.54404	0.97873
2614.49024	0.97919
2612.43644	0.97934
2610.38263	0.97925
2608.32883	0.97918
2606.27503	0.97904
2604.22123	0.97876
2602.16742	0.97859
2600.11362	0.97871
2598.05982	0.97906
2596.00602	0.97946
2593.95222	0.97982
2591.89841	0.98005
2589.84461	0.98014
2587.79081	0.98012
2585.73701	0.98005
2583.6832	0.98014
2581.6294	0.98033
2579.5756	0.98038
2577.5218	0.98012
2575.468	0.97974
2573.41419	0.97986
2571.36039	0.9805
2569.30659	0.98103
2567.25279	0.98121
2565.19898	0.9811
2563.14518	0.98087
2561.09138	0.98088
2559.03758	0.98104
2556.98377	0.98092
2554.92997	0.98082
2552.87617	0.98133
2550.82237	0.98174
2548.76857	0.9813
2546.71476	0.9807
2544.66096	0.98063
2542.60716	0.98077
2540.55336	0.98097
2538.49955	0.9813
2536.44575	0.98143
2534.39195	0.98127
2532.33815	0.98093
2530.28435	0.9804
2528.23054	0.97995
2526.17674	0.97973
2524.12294	0.97959
2522.06914	0.97928
2520.01533	0.9787
2517.96153	0.97825
2515.90773	0.97825
2513.85393	0.97853
2511.80013	0.97887
2509.74632	0.97917
2507.69252	0.97933
2505.63872	0.97942
2503.58492	0.97955
2501.53111	0.97993
2499.47731	0.98058
2497.42351	0.98112
2495.36971	0.98152
2493.31591	0.98205
2491.2621	0.98247
2489.2083	0.98264
2487.1545	0.98281
2485.1007	0.98277
2483.04689	0.98268
2480.99309	0.98306
2478.93929	0.98355
2476.88549	0.9838
2474.83169	0.98395
2472.77788	0.98398
2470.72408	0.98406
2468.67028	0.98423
2466.61648	0.98432
2464.56267	0.98439
2462.50887	0.98446
2460.45507	0.9843
2458.40127	0.98397
2456.34747	0.98378
2454.29366	0.98397
2452.23986	0.98438
2450.18606	0.98468
2448.13226	0.98492
2446.07845	0.98523
2444.02465	0.98546
2441.97085	0.98554
2439.91705	0.98534
2437.86325	0.98491
2435.80944	0.98473
2433.75564	0.98491
2431.70184	0.98505
2429.64804	0.98494
2427.59423	0.98477
2425.54043	0.9847
2423.48663	0.98467
2421.43283	0.98477
2419.37903	0.98508
2417.32522	0.98549
2415.27142	0.98575
2413.21762	0.98561
2411.16382	0.98524
2409.11001	0.98518
2407.05621	0.98548
2405.00241	0.98545
2402.94861	0.98503
2400.89481	0.98501
2398.841	0.9853
2396.7872	0.98536
2394.7334	0.98538
2392.6796	0.98536
2390.62579	0.98533
2388.57199	0.98552
2386.51819	0.9858
2384.46439	0.98576
2382.41059	0.98543
2380.35678	0.98529
2378.30298	0.98558
2376.24918	0.98572
2374.19538	0.98519
2372.14157	0.98486
2370.08777	0.98523
2368.03397	0.98545
2365.98017	0.98541
2363.92637	0.98536
2361.87256	0.9852
2359.81876	0.98522
2357.76496	0.98534
2355.71116	0.98516
2353.65735	0.98463
2351.60355	0.98394
2349.54975	0.98377
2347.49595	0.98423
2345.44215	0.98473
2343.38834	0.98485
2341.33454	0.98466
2339.28074	0.9842
2337.22694	0.98378
2335.17313	0.98382
2333.11933	0.9843
2331.06553	0.98473
2329.01173	0.98466
2326.95793	0.98411
2324.90412	0.98342
2322.85032	0.98322
2320.79652	0.98339
2318.74272	0.98333
2316.68891	0.98346
2314.63511	0.98382
2312.58131	0.98391
2310.52751	0.98384
2308.47371	0.98409
2306.4199	0.98463
2304.3661	0.98474
2302.3123	0.98419
2300.2585	0.98361
2298.20469	0.98352
2296.15089	0.98365
2294.09709	0.98379
2292.04329	0.98404
2289.98949	0.9841
2287.93568	0.9842
2285.88188	0.9845
2283.82808	0.98447
2281.77428	0.98399
2279.72047	0.98351
2277.66667	0.9835
2275.61287	0.98395
2273.55907	0.98428
2271.50527	0.9844
2269.45146	0.9845
2267.39766	0.98489
2265.34386	0.98568
2263.29006	0.98592
2261.23625	0.98512
2259.18245	0.98452
2257.12865	0.98477
2255.07485	0.98514
2253.02105	0.98554
2250.96724	0.98643
2248.91344	0.98692
2246.85964	0.98656
2244.80584	0.9862
2242.75203	0.98584
2240.69823	0.98551
2238.64443	0.98561
2236.59063	0.98589
2234.53683	0.98645
2232.48302	0.98716
2230.42922	0.98717
2228.37542	0.9859
2226.32162	0.98442
2224.26781	0.98469
2222.21401	0.98589
2220.16021	0.98599
2218.10641	0.98548
2216.0526	0.9854
2213.9988	0.98575
2211.945	0.98657
2209.8912	0.98755
2207.8374	0.98755
2205.78359	0.98695
2203.72979	0.98742
2201.67599	0.98805
2199.62219	0.98727
2197.56838	0.98669
2195.51458	0.98641
2193.46078	0.98539
2191.40698	0.98553
2189.35318	0.98638
2187.29937	0.98587
2185.24557	0.98497
2183.19177	0.98551
2181.13797	0.98646
2179.08416	0.98672
2177.03036	0.98712
2174.97656	0.98645
2172.92276	0.98489
2170.86896	0.98542
2168.81515	0.9876
2166.76135	0.98779
2164.70755	0.98616
2162.65375	0.98597
2160.59994	0.98777
2158.54614	0.99014
2156.49234	0.99108
2154.43854	0.99099
2152.38474	0.9908
2150.33093	0.98963
2148.27713	0.98749
2146.22333	0.98585
2144.16953	0.98626
2142.11572	0.98791
2140.06192	0.98832
2138.00812	0.98785
2135.95432	0.9887
2133.90052	0.99015
2131.84671	0.99032
2129.79291	0.98955
2127.73911	0.98884
2125.68531	0.9881
2123.6315	0.98741
2121.5777	0.98739
2119.5239	0.98771
2117.4701	0.98761
2115.4163	0.98716
2113.36249	0.98684
2111.30869	0.98693
2109.25489	0.98713
2107.20109	0.98667
2105.14728	0.98612
2103.09348	0.98654
2101.03968	0.98669
2098.98588	0.98632
2096.93208	0.98708
2094.87827	0.98802
2092.82447	0.98785
2090.77067	0.98741
2088.71687	0.98709
2086.66306	0.98685
2084.60926	0.98698
2082.55546	0.98726
2080.50166	0.98727
2078.44786	0.98724
2076.39405	0.98715
2074.34025	0.9869
2072.28645	0.98702
2070.23265	0.98751
2068.17884	0.98763
2066.12504	0.98716
2064.07124	0.98658
2062.01744	0.98627
2059.96364	0.98665
2057.90983	0.98808
2055.85603	0.98932
2053.80223	0.98879
2051.74843	0.98713
2049.69462	0.98612
2047.64082	0.98599
2045.58702	0.98582
2043.53322	0.98613
2041.47942	0.98718
2039.42561	0.98782
2037.37181	0.98772
2035.31801	0.98722
2033.26421	0.98612
2031.2104	0.98474
2029.1566	0.98395
2027.1028	0.98395
2025.049	0.9848
2022.9952	0.98587
2020.94139	0.98675
2018.88759	0.98766
2016.83379	0.98819
2014.77999	0.98837
2012.72618	0.98809
2010.67238	0.9874
2008.61858	0.98768
2006.56478	0.98951
2004.51098	0.99057
2002.45717	0.98996
2000.40337	0.9896
1998.34957	0.98976
1996.29577	0.98956
1994.24196	0.98944
1992.18816	0.98956
1990.13436	0.98862
1988.08056	0.98694
1986.02676	0.98617
1983.97295	0.98639
1981.91915	0.98677
1979.86535	0.98707
1977.81155	0.9874
1975.75774	0.98715
1973.70394	0.98636
1971.65014	0.98637
1969.59634	0.9878
1967.54254	0.989
1965.48873	0.98882
1963.43493	0.98881
1961.38113	0.98968
1959.32733	0.99049
1957.27352	0.99053
1955.21972	0.99028
1953.16592	0.98981
1951.11212	0.98853
1949.05832	0.98756
1947.00451	0.98792
1944.95071	0.98831
1942.89691	0.9881
1940.84311	0.98759
1938.7893	0.98726
1936.7355	0.98792
1934.6817	0.98891
1932.6279	0.98935
1930.5741	0.98961
1928.52029	0.98948
1926.46649	0.98908
1924.41269	0.98913
1922.35889	0.98849
1920.30508	0.98719
1918.25128	0.98677
1916.19748	0.98718
1914.14368	0.98807
1912.08988	0.98867
1910.03607	0.98849
1907.98227	0.98868
1905.92847	0.98922
1903.87467	0.98942
1901.82086	0.9895
1899.76706	0.98921
1897.71326	0.98852
1895.65946	0.9881
1893.60566	0.98811
1891.55185	0.98816
1889.49805	0.9881
1887.44425	0.98815
1885.39045	0.9883
1883.33664	0.98856
1881.28284	0.98881
1879.22904	0.98865
1877.17524	0.98832
1875.12143	0.98806
1873.06763	0.98765
1871.01383	0.98738
1868.96003	0.98759
1866.90623	0.98812
1864.85242	0.98827
1862.79862	0.98789
1860.74482	0.98764
1858.69102	0.9876
1856.63721	0.98749
1854.58341	0.98758
1852.52961	0.98785
1850.47581	0.98794
1848.42201	0.98796
1846.3682	0.98802
1844.3144	0.98815
1842.2606	0.98829
1840.2068	0.98816
1838.15299	0.98794
1836.09919	0.98788
1834.04539	0.98792
1831.99159	0.98778
1829.93779	0.98737
1827.88398	0.98697
1825.83018	0.98679
1823.77638	0.98679
1821.72258	0.9869
1819.66877	0.98694
1817.61497	0.98682
1815.56117	0.98662
1813.50737	0.98644
1811.45357	0.98618
1809.39976	0.9857
1807.34596	0.98493
1805.29216	0.98367
1803.23836	0.98173
1801.18455	0.97951
1799.13075	0.97806
1797.07695	0.97746
1795.02315	0.97727
1792.96935	0.97792
1790.91554	0.97964
1788.86174	0.98145
1786.80794	0.98274
1784.75414	0.98371
1782.70033	0.98431
1780.64653	0.9846
1778.59273	0.98491
1776.53893	0.98528
1774.48513	0.98547
1772.43132	0.98546
1770.37752	0.98522
1768.32372	0.98486
1766.26992	0.98471
1764.21611	0.98471
1762.16231	0.98437
1760.10851	0.98346
1758.05471	0.98238
1756.00091	0.98159
1753.9471	0.981
1751.8933	0.97998
1749.8395	0.97846
1747.7857	0.97723
1745.73189	0.97635
1743.67809	0.97555
1741.62429	0.97479
1739.57049	0.97438
1737.51669	0.97467
1735.46288	0.97557
1733.40908	0.97663
1731.35528	0.97724
1729.30148	0.97764
1727.24767	0.97803
1725.19387	0.97841
1723.14007	0.97851
1721.08627	0.97823
1719.03247	0.97773
1716.97866	0.97703
1714.92486	0.97685
1712.87106	0.97717
1710.81726	0.97729
1708.76345	0.97712
1706.70965	0.9768
1704.65585	0.97649
1702.60205	0.97618
1700.54825	0.97511
1698.49444	0.97347
1696.44064	0.97219
1694.38684	0.97103
1692.33304	0.97013
1690.27923	0.96911
1688.22543	0.96797
1686.17163	0.9669
1684.11783	0.965
1682.06403	0.96301
1680.01022	0.96174
1677.95642	0.96068
1675.90262	0.95944
1673.84882	0.95807
1671.79501	0.95708
1669.74121	0.95556
1667.68741	0.95353
1665.63361	0.95207
1663.57981	0.95036
1661.526	0.94817
1659.4722	0.94628
1657.4184	0.94475
1655.3646	0.94352
1653.31079	0.94179
1651.25699	0.94022
1649.20319	0.93983
1647.14939	0.93922
1645.09559	0.93865
1643.04178	0.93895
1640.98798	0.93936
1638.93418	0.93965
1636.88038	0.93994
1634.82657	0.94011
1632.77277	0.94059
1630.71897	0.94132
1628.66517	0.94201
1626.61137	0.94282
1624.55756	0.94349
1622.50376	0.94374
1620.44996	0.94417
1618.39616	0.94475
1616.34235	0.94511
1614.28855	0.94581
1612.23475	0.94673
1610.18095	0.94734
1608.12715	0.94776
1606.07334	0.94807
1604.01954	0.94828
1601.96574	0.9484
1599.91194	0.94833
1597.85813	0.94803
1595.80433	0.94768
1593.75053	0.94735
1591.69673	0.94692
1589.64293	0.94621
1587.58912	0.94526
1585.53532	0.94431
1583.48152	0.94323
1581.42772	0.94191
1579.37391	0.9407
1577.32011	0.93982
1575.26631	0.93936
1573.21251	0.93968
1571.15871	0.94021
1569.1049	0.94048
1567.0511	0.94067
1564.9973	0.94066
1562.9435	0.94042
1560.88969	0.9397
1558.83589	0.93704
1556.78209	0.93415
1554.72829	0.93239
1552.67449	0.93009
1550.62068	0.92703
1548.56688	0.92358
1546.51308	0.92037
1544.45928	0.91694
1542.40547	0.91327
1540.35167	0.9094
1538.29787	0.90686
1536.24407	0.90645
1534.19026	0.90593
1532.13646	0.90475
1530.08266	0.90385
1528.02886	0.90289
1525.97506	0.90128
1523.92125	0.89933
1521.86745	0.89642
1519.81365	0.8933
1517.75985	0.89062
1515.70604	0.88746
1513.65224	0.8847
1511.59844	0.88244
1509.54464	0.87999
1507.49084	0.87566
1505.43703	0.86997
1503.38323	0.86698
1501.32943	0.86457
1499.27563	0.86073
1497.22182	0.85511
1495.16802	0.84946
1493.11422	0.84553
1491.06042	0.84121
1489.00662	0.83474
1486.95281	0.82854
1484.89901	0.8237
1482.84521	0.81887
1480.79141	0.81344
1478.7376	0.80768
1476.6838	0.7991
1474.63	0.78352
1472.5762	0.76248
1470.5224	0.74864
1468.46859	0.74357
1466.41479	0.73862
1464.36099	0.73103
1462.30719	0.72595
1460.25338	0.72526
1458.19958	0.72377
1456.14578	0.71844
1454.09198	0.71493
1452.03818	0.71313
1449.98437	0.71049
1447.93057	0.70636
1445.87677	0.70189
1443.82297	0.6982
1441.76916	0.69474
1439.71536	0.6914
1437.66156	0.68688
1435.60776	0.68052
1433.55396	0.67594
1431.50015	0.67236
1429.44635	0.66796
1427.39255	0.66393
1425.33875	0.66041
1423.28494	0.65683
1421.23114	0.65382
1419.17734	0.65007
1417.12354	0.64632
1415.06974	0.64524
1413.01593	0.64583
1410.96213	0.64763
1408.90833	0.65081
1406.85453	0.65506
1404.80072	0.66006
1402.74692	0.66542
1400.69312	0.67009
1398.63932	0.67393
1396.58552	0.6782
1394.53171	0.6841
1392.47791	0.69139
1390.42411	0.69911
1388.37031	0.70697
1386.3165	0.71484
1384.2627	0.72225
1382.2089	0.72869
1380.1551	0.73404
1378.1013	0.73895
1376.04749	0.74451
1373.99369	0.75098
1371.93989	0.75744
1369.88609	0.76333
1367.83228	0.76891
1365.77848	0.7744
1363.72468	0.78
1361.67088	0.78582
1359.61708	0.79153
1357.56327	0.79694
1355.50947	0.8019
1353.45567	0.80627
1351.40187	0.81034
1349.34806	0.81447
1347.29426	0.81869
1345.24046	0.82286
1343.18666	0.82677
1341.13286	0.83042
1339.07905	0.83402
1337.02525	0.83759
1334.97145	0.84102
1332.91765	0.84428
1330.86384	0.8474
1328.81004	0.85037
1326.75624	0.853
1324.70244	0.85536
1322.64864	0.85748
1320.59483	0.85928
1318.54103	0.86094
1316.48723	0.86265
1314.43343	0.86452
1312.37962	0.86653
1310.32582	0.86849
1308.27202	0.87037
1306.21822	0.87235
1304.16442	0.87444
1302.11061	0.8764
1300.05681	0.87828
1298.00301	0.88032
1295.94921	0.88237
1293.8954	0.88438
1291.8416	0.88631
1289.7878	0.88793
1287.734	0.88947
1285.6802	0.8912
1283.62639	0.89299
1281.57259	0.8945
1279.51879	0.89557
1277.46499	0.89633
1275.41118	0.89721
1273.35738	0.89842
1271.30358	0.89974
1269.24978	0.90088
1267.19598	0.9019
1265.14217	0.90296
1263.08837	0.90406
1261.03457	0.90527
1258.98077	0.90651
1256.92696	0.90761
1254.87316	0.90865
1252.81936	0.90976
1250.76556	0.91085
1248.71176	0.91192
1246.65795	0.9129
1244.60415	0.91365
1242.55035	0.91432
1240.49655	0.91522
1238.44274	0.91624
1236.38894	0.91726
1234.33514	0.91829
1232.28134	0.91927
1230.22754	0.92032
1228.17373	0.92158
1226.11993	0.92285
1224.06613	0.92393
1222.01233	0.92489
1219.95852	0.9258
1217.90472	0.92658
1215.85092	0.92728
1213.79712	0.92797
1211.74332	0.92858
1209.68951	0.92909
1207.63571	0.92952
1205.58191	0.92992
1203.52811	0.93034
1201.4743	0.93073
1199.4205	0.93097
1197.3667	0.93118
1195.3129	0.93146
1193.25909	0.93181
1191.20529	0.9321
1189.15149	0.93226
1187.09769	0.93239
1185.04389	0.93253
1182.99008	0.93259
1180.93628	0.93255
1178.88248	0.93233
1176.82868	0.93182
1174.77487	0.93119
1172.72107	0.93077
1170.66727	0.93055
1168.61347	0.93035
1166.55967	0.93016
1164.50586	0.93008
1162.45206	0.93043
1160.39826	0.93127
1158.34446	0.93214
1156.29065	0.93267
1154.23685	0.93304
1152.18305	0.9336
1150.12925	0.93439
1148.07545	0.93515
1146.02164	0.93573
1143.96784	0.93618
1141.91404	0.9367
1139.86024	0.93722
1137.80643	0.9375
1135.75263	0.93756
1133.69883	0.93743
1131.64503	0.93687
1129.59123	0.93587
1127.53742	0.9349
1125.48362	0.93426
1123.42982	0.93395
1121.37602	0.93405
1119.32221	0.93448
1117.26841	0.93513
1115.21461	0.9359
1113.16081	0.93661
1111.10701	0.93719
1109.0532	0.93761
1106.9994	0.93774
1104.9456	0.93751
1102.8918	0.93722
1100.83799	0.93704
1098.78419	0.93685
1096.73039	0.93675
1094.67659	0.93669
1092.62279	0.93634
1090.56898	0.93604
1088.51518	0.93641
1086.46138	0.93691
1084.40758	0.93698
1082.35377	0.93721
1080.29997	0.93789
1078.24617	0.93873
1076.19237	0.93943
1074.13857	0.93996
1072.08476	0.94048
1070.03096	0.94095
1067.97716	0.94133
1065.92336	0.94161
1063.86955	0.94196
1061.81575	0.9426
1059.76195	0.94322
1057.70815	0.94347
1055.65435	0.94324
1053.60054	0.94276
1051.54674	0.94243
1049.49294	0.94227
1047.43914	0.94218
1045.38533	0.94241
1043.33153	0.94302
1041.27773	0.94353
1039.22393	0.94384
1037.17013	0.94453
1035.11632	0.94532
1033.06252	0.94558
1031.00872	0.94562
1028.95492	0.94562
1026.90111	0.94572
1024.84731	0.94614
1022.79351	0.9465
1020.73971	0.94665
1018.68591	0.94697
1016.6321	0.94765
1014.5783	0.94863
1012.5245	0.94971
1010.4707	0.95093
1008.41689	0.95215
1006.36309	0.95292
1004.30929	0.95345
1002.25549	0.95411
1000.20169	0.95476
998.14788	0.95541
996.09408	0.95615
994.04028	0.95663
991.98648	0.95683
989.93267	0.95721
987.87887	0.95784
985.82507	0.95852
983.77127	0.95922
981.71747	0.95957
979.66366	0.95947
977.60986	0.95929
975.55606	0.95932
973.50226	0.95958
971.44845	0.95987
969.39465	0.96019
967.34085	0.96082
965.28705	0.96155
963.23325	0.96169
961.17944	0.96145
959.12564	0.96162
957.07184	0.96224
955.01804	0.96291
952.96423	0.96346
950.91043	0.96377
948.85663	0.96392
946.80283	0.96409
944.74903	0.964
942.69522	0.9638
940.64142	0.96398
938.58762	0.96428
936.53382	0.96446
934.48001	0.96458
932.42621	0.96468
930.37241	0.96483
928.31861	0.96515
926.26481	0.96558
924.211	0.96595
922.1572	0.96613
920.1034	0.96615
918.0496	0.96611
915.99579	0.96609
913.94199	0.96635
911.88819	0.9665
909.83439	0.9661
907.78059	0.96577
905.72678	0.96585
903.67298	0.96602
901.61918	0.96631
899.56538	0.96653
897.51157	0.96606
895.45777	0.96508
893.40397	0.96417
891.35017	0.96251
889.29637	0.95617
887.24256	0.93807
885.18876	0.90717
883.13496	0.87394
881.08116	0.84316
879.02735	0.80703
876.97355	0.76542
874.91975	0.73261
872.86595	0.72548
870.81215	0.75115
868.75834	0.79876
866.70454	0.84742
864.65074	0.88417
862.59694	0.90851
860.54313	0.92448
858.48933	0.93514
856.43553	0.94233
854.38173	0.94731
852.32792	0.94949
850.27412	0.94708
848.22032	0.94384
846.16652	0.94623
844.11272	0.95181
842.05891	0.95508
840.00511	0.95667
837.95131	0.95801
835.89751	0.95863
833.8437	0.95884
831.7899	0.95946
829.7361	0.96019
827.6823	0.9604
825.6285	0.9601
823.57469	0.95983
821.52089	0.96009
819.46709	0.96068
817.41329	0.96089
815.35948	0.96056
813.30568	0.96043
811.25188	0.96086
809.19808	0.96098
807.14428	0.96007
805.09047	0.95906
803.03667	0.95855
800.98287	0.95818
798.92907	0.95812
796.87526	0.95857
794.82146	0.95895
792.76766	0.95893
790.71386	0.95884
788.66006	0.95851
786.60625	0.9579
784.55245	0.95728
782.49865	0.95637
780.44485	0.95538
778.39104	0.95485
776.33724	0.9549
774.28344	0.95505
772.22964	0.95491
770.17584	0.95522
768.12203	0.95621
766.06823	0.95685
764.01443	0.95673
761.96063	0.95648
759.90682	0.95632
757.85302	0.95573
755.79922	0.95509
753.74542	0.95524
751.69162	0.95548
749.63781	0.95485
747.58401	0.95406
745.53021	0.95362
743.47641	0.95285
741.4226	0.95153
739.3688	0.94987
737.315	0.94744
735.2612	0.94111
733.2074	0.9273
731.15359	0.91126
729.09979	0.90355
727.04599	0.90285
724.99219	0.89815
722.93838	0.8829
720.88458	0.85883
718.83078	0.83682
716.77698	0.82403
714.72318	0.81654
712.66937	0.8194
710.61557	0.84288
708.56177	0.87735
706.50797	0.90437
704.45416	0.91963
702.40036	0.92778
700.34656	0.93242
698.29276	0.93573
696.23896	0.93846
694.18515	0.94031
692.13135	0.94119
690.07755	0.94164
688.02375	0.9425
685.96994	0.94357
683.91614	0.94386
681.86234	0.94379
679.80854	0.94418
677.75474	0.94425
675.70093	0.94379
673.64713	0.94407
671.59333	0.94485
669.53953	0.94464
667.48572	0.94341
665.43192	0.94325
663.37812	0.94344
661.32432	0.94337
659.27052	0.94333
657.21671	0.94364
655.16291	0.9447
653.10911	0.94599
651.05531	0.94613
649.0015	0.94487
646.9477	0.94377
644.8939	0.94344
642.8401	0.94375
640.7863	0.94461
638.73249	0.94547
636.67869	0.94651
634.62489	0.94693
632.57109	0.94571
630.51728	0.94401
628.46348	0.94283
626.40968	0.94221
624.35588	0.94183
622.30208	0.94132
620.24827	0.94097
618.19447	0.94116
616.14067	0.94197
614.08687	0.94317
612.03306	0.94362
609.97926	0.9429
607.92546	0.94272
605.87166	0.94353
603.81786	0.94374
601.76405	0.94326
599.71025	0.94299
597.65645	0.94258
595.60265	0.94195
593.54884	0.94156
591.49504	0.94117
589.44124	0.94089
587.38744	0.9412
585.33364	0.94188
583.27983	0.94234
581.22603	0.94263
579.17223	0.94277
577.11843	0.942
575.06462	0.94115
573.01082	0.94177
570.95702	0.94264
568.90322	0.94255
566.84942	0.94232
564.79561	0.94221
562.74181	0.94172
560.68801	0.94097
558.63421	0.94051
556.5804	0.94052
554.5266	0.9409
552.4728	0.94099
550.419	0.94032
548.3652	0.93955
546.31139	0.93925
544.25759	0.93979
542.20379	0.94004
540.14999	0.93855
538.09618	0.93683
536.04238	0.9368
533.98858	0.93777
531.93478	0.93797
529.88098	0.93731
527.82717	0.93684
525.77337	0.93703
523.71957	0.93756
521.66577	0.93746
519.61196	0.93685
517.55816	0.93772
515.50436	0.93959
513.45056	0.93958
511.39675	0.93837
509.34295	0.93799
507.28915	0.93797
505.23535	0.93735
503.18155	0.93587
501.12774	0.935
499.07394	0.9361
497.02014	0.93746
494.96634	0.93697
492.91253	0.93475
490.85873	0.9333
488.80493	0.93341
486.75113	0.93417
484.69733	0.93514
482.64352	0.93474
480.58972	0.93322
478.53592	0.93199
476.48212	0.9306
474.42831	0.9296
472.37451	0.92944
470.32071	0.92947
468.26691	0.92967
466.21311	0.92893
464.1593	0.9278
462.1055	0.92757
460.0517	0.92684
457.9979	0.92532
455.94409	0.92482
453.89029	0.9255
451.83649	0.92652
449.78269	0.92824
447.72889	0.9294
445.67508	0.92881
443.62128	0.9282
441.56748	0.92831
439.51368	0.9275
437.45987	0.92468
435.40607	0.92151
433.35227	0.91998
431.29847	0.92067
429.24467	0.92244
427.19086	0.92392
425.13706	0.92428
423.08326	0.92274
421.02946	0.92089
418.97565	0.91849
416.92185	0.91437
414.86805	0.9115
412.81425	0.9104
410.76045	0.90967
408.70664	0.91047
406.65284	0.91169
404.59904	0.90897
402.54524	0.90428
400.49143	0.90081
398.43763	0.89621
KMeans Clustering	7.0
Spectral Clustering	10.0
Agglomerative Clustering	1.0
