Numero de onda	Polyvinyl chloride.dpt
3996.69914	1.00097
3994.64534	1.00102
3992.59153	1.00077
3990.53773	1.00039
3988.48393	1.0001
3986.43013	0.99993
3984.37632	1.00001
3982.32252	1.00006
3980.26872	0.99979
3978.21492	0.99961
3976.16112	0.99958
3974.10731	0.99946
3972.05351	0.99952
3969.99971	0.99963
3967.94591	0.99933
3965.8921	0.99903
3963.8383	0.99905
3961.7845	0.99906
3959.7307	0.99902
3957.6769	0.99905
3955.62309	0.99895
3953.56929	0.99897
3951.51549	0.99943
3949.46169	1.00001
3947.40788	1.0
3945.35408	0.99973
3943.30028	0.99969
3941.24648	0.99905
3939.19268	0.99816
3937.13887	0.99794
3935.08507	0.99833
3933.03127	0.99896
3930.97747	0.99904
3928.92366	0.9985
3926.86986	0.99848
3924.81606	0.99908
3922.76226	0.99932
3920.70845	0.99921
3918.65465	0.99891
3916.60085	0.99813
3914.54705	0.99716
3912.49325	0.99665
3910.43944	0.99685
3908.38564	0.99749
3906.33184	0.99866
3904.27804	0.99989
3902.22423	1.0
3900.17043	0.99915
3898.11663	0.99794
3896.06283	0.99721
3894.00903	0.99756
3891.95522	0.99823
3889.90142	0.99779
3887.84762	0.99722
3885.79382	0.99763
3883.74001	0.99833
3881.68621	0.99888
3879.63241	0.99838
3877.57861	0.99721
3875.52481	0.99721
3873.471	0.99818
3871.4172	0.99917
3869.3634	0.99916
3867.3096	0.99823
3865.25579	0.99798
3863.20199	0.99799
3861.14819	0.99724
3859.09439	0.99678
3857.04059	0.9977
3854.98678	0.9997
3852.93298	1.0
3850.87918	0.99778
3848.82538	0.99632
3846.77157	0.99594
3844.71777	0.99646
3842.66397	0.99763
3840.61017	0.99882
3838.55637	0.99937
3836.50256	0.99874
3834.44876	0.99779
3832.39496	0.9971
3830.34116	0.99633
3828.28735	0.99585
3826.23355	0.99603
3824.17975	0.99656
3822.12595	0.99759
3820.07215	0.99844
3818.01834	0.99858
3815.96454	0.99788
3813.91074	0.99598
3811.85694	0.99464
3809.80313	0.99443
3807.74933	0.99481
3805.69553	0.99545
3803.64173	0.99643
3801.58793	0.99713
3799.53412	0.99653
3797.48032	0.99578
3795.42652	0.99512
3793.37272	0.99432
3791.31891	0.99394
3789.26511	0.99427
3787.21131	0.99506
3785.15751	0.99565
3783.10371	0.99558
3781.0499	0.99544
3778.9961	0.99529
3776.9423	0.99463
3774.8885	0.99409
3772.83469	0.99428
3770.78089	0.99503
3768.72709	0.9956
3766.67329	0.99559
3764.61949	0.99531
3762.56568	0.99547
3760.51188	0.99638
3758.45808	0.99665
3756.40428	0.99595
3754.35047	0.99615
3752.29667	0.99751
3750.24287	0.99813
3748.18907	0.99788
3746.13527	0.99859
3744.08146	0.99905
3742.02766	0.9978
3739.97386	0.99687
3737.92006	0.99768
3735.86625	0.99977
3733.81245	1.0
3731.75865	0.99785
3729.70485	0.996
3727.65105	0.99557
3725.59724	0.99621
3723.54344	0.99655
3721.48964	0.99607
3719.43584	0.99556
3717.38203	0.99539
3715.32823	0.99588
3713.27443	0.99716
3711.22063	0.99763
3709.16683	0.99603
3707.11302	0.99433
3705.05922	0.99388
3703.00542	0.99443
3700.95162	0.99483
3698.89781	0.99487
3696.84401	0.99497
3694.79021	0.99496
3692.73641	0.99545
3690.68261	0.99692
3688.6288	0.99722
3686.575	0.99547
3684.5212	0.99432
3682.4674	0.99444
3680.41359	0.99528
3678.35979	0.9965
3676.30599	0.99782
3674.25219	0.99797
3672.19839	0.99748
3670.14458	0.99689
3668.09078	0.99502
3666.03698	0.99344
3663.98318	0.99322
3661.92937	0.9934
3659.87557	0.99361
3657.82177	0.99421
3655.76797	0.99461
3653.71417	0.9951
3651.66036	0.99718
3649.60656	1.0
3647.55276	0.99948
3645.49896	0.99688
3643.44515	0.99529
3641.39135	0.99454
3639.33755	0.99397
3637.28375	0.99386
3635.22995	0.99426
3633.17614	0.9949
3631.12234	0.99626
3629.06854	0.99791
3627.01474	0.99674
3624.96093	0.99453
3622.90713	0.99412
3620.85333	0.99524
3618.79953	0.99631
3616.74573	0.9964
3614.69192	0.99632
3612.63812	0.99606
3610.58432	0.99572
3608.53052	0.99565
3606.47671	0.99505
3604.42291	0.99435
3602.36911	0.99435
3600.31531	0.99459
3598.26151	0.99466
3596.2077	0.99479
3594.1539	0.99458
3592.1001	0.99411
3590.0463	0.99466
3587.99249	0.99565
3585.93869	0.99476
3583.88489	0.99316
3581.83109	0.99294
3579.77728	0.99365
3577.72348	0.9941
3575.66968	0.99404
3573.61588	0.99371
3571.56208	0.99378
3569.50827	0.99531
3567.45447	0.99749
3565.40067	0.99723
3563.34687	0.99532
3561.29306	0.99405
3559.23926	0.99351
3557.18546	0.99324
3555.13166	0.99334
3553.07786	0.99391
3551.02405	0.99439
3548.97025	0.99501
3546.91645	0.99599
3544.86265	0.99585
3542.80884	0.99442
3540.75504	0.9934
3538.70124	0.9932
3536.64744	0.99313
3534.59364	0.99294
3532.53983	0.99319
3530.48603	0.99379
3528.43223	0.99408
3526.37843	0.99429
3524.32462	0.99424
3522.27082	0.99337
3520.21702	0.99255
3518.16322	0.99223
3516.10942	0.99189
3514.05561	0.99187
3512.00181	0.99253
3509.94801	0.99305
3507.89421	0.99303
3505.8404	0.99305
3503.7866	0.99342
3501.7328	0.9935
3499.679	0.99289
3497.6252	0.99229
3495.57139	0.99217
3493.51759	0.99218
3491.46379	0.99217
3489.40999	0.99207
3487.35618	0.99186
3485.30238	0.99176
3483.24858	0.99191
3481.19478	0.9921
3479.14098	0.99221
3477.08717	0.99234
3475.03337	0.99219
3472.97957	0.99178
3470.92577	0.99168
3468.87196	0.99182
3466.81816	0.99191
3464.76436	0.99206
3462.71056	0.9923
3460.65676	0.99227
3458.60295	0.99187
3456.54915	0.99144
3454.49535	0.99125
3452.44155	0.99138
3450.38774	0.99192
3448.33394	0.9925
3446.28014	0.99248
3444.22634	0.99213
3442.17254	0.99191
3440.11873	0.99161
3438.06493	0.99126
3436.01113	0.9911
3433.95733	0.99105
3431.90352	0.99113
3429.84972	0.99138
3427.79592	0.99151
3425.74212	0.99138
3423.68832	0.99131
3421.63451	0.99144
3419.58071	0.99161
3417.52691	0.99171
3415.47311	0.99172
3413.4193	0.99163
3411.3655	0.9914
3409.3117	0.99113
3407.2579	0.99104
3405.2041	0.99115
3403.15029	0.99118
3401.09649	0.99113
3399.04269	0.99114
3396.98889	0.99124
3394.93508	0.99139
3392.88128	0.99139
3390.82748	0.99129
3388.77368	0.99128
3386.71988	0.99129
3384.66607	0.99137
3382.61227	0.99153
3380.55847	0.99153
3378.50467	0.99135
3376.45086	0.99112
3374.39706	0.99097
3372.34326	0.99094
3370.28946	0.99097
3368.23566	0.99118
3366.18185	0.99132
3364.12805	0.99108
3362.07425	0.99097
3360.02045	0.99123
3357.96664	0.99148
3355.91284	0.9916
3353.85904	0.9915
3351.80524	0.99135
3349.75144	0.99144
3347.69763	0.9916
3345.64383	0.99154
3343.59003	0.99139
3341.53623	0.99114
3339.48242	0.99084
3337.42862	0.99089
3335.37482	0.99122
3333.32102	0.99147
3331.26722	0.99159
3329.21341	0.99162
3327.15961	0.99163
3325.10581	0.99158
3323.05201	0.99143
3320.9982	0.99135
3318.9444	0.99135
3316.8906	0.99126
3314.8368	0.99107
3312.783	0.99101
3310.72919	0.99122
3308.67539	0.99142
3306.62159	0.99154
3304.56779	0.99175
3302.51398	0.99176
3300.46018	0.99155
3298.40638	0.99147
3296.35258	0.99155
3294.29878	0.99174
3292.24497	0.99187
3290.19117	0.99174
3288.13737	0.99162
3286.08357	0.99169
3284.02976	0.99182
3281.97596	0.99195
3279.92216	0.99214
3277.86836	0.99243
3275.81456	0.99258
3273.76075	0.99237
3271.70695	0.99206
3269.65315	0.9918
3267.59935	0.9917
3265.54554	0.992
3263.49174	0.99237
3261.43794	0.99247
3259.38414	0.99234
3257.33034	0.99232
3255.27653	0.99263
3253.22273	0.99295
3251.16893	0.99294
3249.11513	0.99265
3247.06132	0.99221
3245.00752	0.99195
3242.95372	0.99226
3240.89992	0.99269
3238.84611	0.99272
3236.79231	0.99277
3234.73851	0.99321
3232.68471	0.9935
3230.63091	0.99314
3228.5771	0.99253
3226.5233	0.99233
3224.4695	0.99252
3222.4157	0.99254
3220.36189	0.99233
3218.30809	0.99242
3216.25429	0.9928
3214.20049	0.99299
3212.14669	0.99312
3210.09288	0.99329
3208.03908	0.99318
3205.98528	0.99296
3203.93148	0.99316
3201.87767	0.99368
3199.82387	0.99395
3197.77007	0.99368
3195.71627	0.99329
3193.66247	0.99322
3191.60866	0.99343
3189.55486	0.99384
3187.50106	0.99403
3185.44726	0.99382
3183.39345	0.99346
3181.33965	0.9931
3179.28585	0.99304
3177.23205	0.99332
3175.17825	0.99361
3173.12444	0.99368
3171.07064	0.99338
3169.01684	0.9931
3166.96304	0.99328
3164.90923	0.99359
3162.85543	0.99374
3160.80163	0.99379
3158.74783	0.9939
3156.69403	0.9939
3154.64022	0.99373
3152.58642	0.99374
3150.53262	0.9938
3148.47882	0.99363
3146.42501	0.99341
3144.37121	0.99321
3142.31741	0.99296
3140.26361	0.99297
3138.20981	0.9932
3136.156	0.9932
3134.1022	0.99321
3132.0484	0.99339
3129.9946	0.99351
3127.94079	0.99357
3125.88699	0.99374
3123.83319	0.9938
3121.77939	0.99366
3119.72559	0.9937
3117.67178	0.994
3115.61798	0.9941
3113.56418	0.99379
3111.51038	0.99358
3109.45657	0.99366
3107.40277	0.99368
3105.34897	0.99367
3103.29517	0.99383
3101.24137	0.99394
3099.18756	0.99396
3097.13376	0.99389
3095.07996	0.99363
3093.02616	0.99336
3090.97235	0.99322
3088.91855	0.99327
3086.86475	0.99353
3084.81095	0.99386
3082.75715	0.99405
3080.70334	0.99388
3078.64954	0.99346
3076.59574	0.99317
3074.54194	0.9932
3072.48813	0.99341
3070.43433	0.9936
3068.38053	0.99377
3066.32673	0.99376
3064.27293	0.99369
3062.21912	0.99397
3060.16532	0.99414
3058.11152	0.9938
3056.05772	0.99351
3054.00391	0.99361
3051.95011	0.99386
3049.89631	0.994
3047.84251	0.99396
3045.78871	0.99374
3043.7349	0.99351
3041.6811	0.99344
3039.6273	0.99341
3037.5735	0.99353
3035.51969	0.99384
3033.46589	0.99405
3031.41209	0.9941
3029.35829	0.99395
3027.30449	0.99358
3025.25068	0.99341
3023.19688	0.99362
3021.14308	0.99393
3019.08928	0.99399
3017.03547	0.99376
3014.98167	0.9936
3012.92787	0.99374
3010.87407	0.99386
3008.82027	0.99379
3006.76646	0.99366
3004.71266	0.99351
3002.65886	0.99328
3000.60506	0.99296
2998.55125	0.99262
2996.49745	0.99244
2994.44365	0.99243
2992.38985	0.99219
2990.33605	0.99145
2988.28224	0.99045
2986.22844	0.98957
2984.17464	0.98862
2982.12084	0.98717
2980.06703	0.98532
2978.01323	0.98359
2975.95943	0.98234
2973.90563	0.98146
2971.85183	0.98069
2969.79802	0.97999
2967.74422	0.97961
2965.69042	0.97975
2963.63662	0.98024
2961.58281	0.98083
2959.52901	0.98145
2957.47521	0.982
2955.42141	0.98229
2953.36761	0.98234
2951.3138	0.98233
2949.26	0.98225
2947.2062	0.98208
2945.1524	0.98174
2943.09859	0.98117
2941.04479	0.98047
2938.99099	0.97971
2936.93719	0.97898
2934.88339	0.97829
2932.82958	0.97767
2930.77578	0.97703
2928.72198	0.97618
2926.66818	0.9753
2924.61437	0.97452
2922.56057	0.97354
2920.50677	0.9722
2918.45297	0.97061
2916.39917	0.9689
2914.34536	0.9673
2912.29156	0.96613
2910.23776	0.96567
2908.18396	0.96603
2906.13015	0.9673
2904.07635	0.9692
2902.02255	0.97136
2899.96875	0.97391
2897.91494	0.97687
2895.86114	0.97965
2893.80734	0.98182
2891.75354	0.98362
2889.69974	0.98519
2887.64593	0.98633
2885.59213	0.98704
2883.53833	0.98747
2881.48453	0.9878
2879.43072	0.98811
2877.37692	0.98837
2875.32312	0.98864
2873.26932	0.98889
2871.21552	0.98908
2869.16171	0.98915
2867.10791	0.98899
2865.05411	0.98882
2863.00031	0.98871
2860.9465	0.98853
2858.8927	0.98844
2856.8389	0.9883
2854.7851	0.98796
2852.7313	0.9876
2850.67749	0.98726
2848.62369	0.98697
2846.56989	0.98701
2844.51609	0.98728
2842.46228	0.98755
2840.40848	0.98794
2838.35468	0.98845
2836.30088	0.98882
2834.24708	0.98901
2832.19327	0.98908
2830.13947	0.98916
2828.08567	0.98951
2826.03187	0.98983
2823.97806	0.98949
2821.92426	0.98882
2819.87046	0.98852
2817.81666	0.98852
2815.76286	0.98851
2813.70905	0.98851
2811.65525	0.98866
2809.60145	0.98902
2807.54765	0.98951
2805.49384	0.98994
2803.44004	0.99021
2801.38624	0.99036
2799.33244	0.99048
2797.27864	0.99063
2795.22483	0.99077
2793.17103	0.99096
2791.11723	0.99115
2789.06343	0.99128
2787.00962	0.99135
2784.95582	0.99132
2782.90202	0.99118
2780.84822	0.99099
2778.79442	0.99085
2776.74061	0.99087
2774.68681	0.99099
2772.63301	0.99109
2770.57921	0.99121
2768.5254	0.9913
2766.4716	0.99131
2764.4178	0.99113
2762.364	0.99093
2760.3102	0.9911
2758.25639	0.99137
2756.20259	0.99132
2754.14879	0.99112
2752.09499	0.99098
2750.04118	0.99084
2747.98738	0.9907
2745.93358	0.99074
2743.87978	0.991
2741.82598	0.99126
2739.77217	0.9912
2737.71837	0.99104
2735.66457	0.99116
2733.61077	0.99124
2731.55696	0.99095
2729.50316	0.9907
2727.44936	0.99089
2725.39556	0.99122
2723.34176	0.9914
2721.28795	0.99151
2719.23415	0.99161
2717.18035	0.99169
2715.12655	0.99167
2713.07274	0.99158
2711.01894	0.99144
2708.96514	0.99117
2706.91134	0.99092
2704.85754	0.9908
2702.80373	0.99069
2700.74993	0.99066
2698.69613	0.99088
2696.64233	0.99114
2694.58852	0.99125
2692.53472	0.99136
2690.48092	0.99141
2688.42712	0.99135
2686.37332	0.9913
2684.31951	0.99134
2682.26571	0.99139
2680.21191	0.99139
2678.15811	0.99142
2676.1043	0.9913
2674.0505	0.9911
2671.9967	0.9911
2669.9429	0.99116
2667.8891	0.9911
2665.83529	0.9911
2663.78149	0.99089
2661.72769	0.9904
2659.67389	0.99014
2657.62008	0.99033
2655.56628	0.99074
2653.51248	0.99114
2651.45868	0.99101
2649.40488	0.99042
2647.35107	0.99009
2645.29727	0.99022
2643.24347	0.99041
2641.18967	0.99041
2639.13586	0.99043
2637.08206	0.99071
2635.02826	0.99094
2632.97446	0.9909
2630.92066	0.99086
2628.86685	0.99091
2626.81305	0.99095
2624.75925	0.99097
2622.70545	0.99081
2620.65164	0.99063
2618.59784	0.99062
2616.54404	0.99079
2614.49024	0.99116
2612.43644	0.99156
2610.38263	0.99163
2608.32883	0.99148
2606.27503	0.99141
2604.22123	0.99133
2602.16742	0.99135
2600.11362	0.9918
2598.05982	0.99235
2596.00602	0.99235
2593.95222	0.99181
2591.89841	0.9912
2589.84461	0.99104
2587.79081	0.99135
2585.73701	0.99169
2583.6832	0.99185
2581.6294	0.99182
2579.5756	0.99181
2577.5218	0.99168
2575.468	0.99142
2573.41419	0.9916
2571.36039	0.99198
2569.30659	0.99218
2567.25279	0.99224
2565.19898	0.99215
2563.14518	0.9919
2561.09138	0.99152
2559.03758	0.99152
2556.98377	0.99197
2554.92997	0.9922
2552.87617	0.99226
2550.82237	0.99243
2548.76857	0.99235
2546.71476	0.99211
2544.66096	0.99201
2542.60716	0.9918
2540.55336	0.99141
2538.49955	0.99126
2536.44575	0.99154
2534.39195	0.99197
2532.33815	0.99213
2530.28435	0.9921
2528.23054	0.99212
2526.17674	0.99202
2524.12294	0.99181
2522.06914	0.992
2520.01533	0.99244
2517.96153	0.99252
2515.90773	0.99226
2513.85393	0.9921
2511.80013	0.99226
2509.74632	0.99241
2507.69252	0.99241
2505.63872	0.9924
2503.58492	0.99233
2501.53111	0.99218
2499.47731	0.99197
2497.42351	0.99186
2495.36971	0.992
2493.31591	0.99211
2491.2621	0.99211
2489.2083	0.99229
2487.1545	0.99264
2485.1007	0.99266
2483.04689	0.99239
2480.99309	0.99254
2478.93929	0.99281
2476.88549	0.99255
2474.83169	0.99232
2472.77788	0.99243
2470.72408	0.99223
2468.67028	0.99183
2466.61648	0.99212
2464.56267	0.99293
2462.50887	0.99318
2460.45507	0.99264
2458.40127	0.99201
2456.34747	0.9918
2454.29366	0.99168
2452.23986	0.9914
2450.18606	0.99143
2448.13226	0.99167
2446.07845	0.99175
2444.02465	0.99181
2441.97085	0.99197
2439.91705	0.99205
2437.86325	0.99189
2435.80944	0.99165
2433.75564	0.99146
2431.70184	0.99136
2429.64804	0.99156
2427.59423	0.99207
2425.54043	0.99239
2423.48663	0.99239
2421.43283	0.99235
2419.37903	0.99227
2417.32522	0.99206
2415.27142	0.99195
2413.21762	0.99224
2411.16382	0.99259
2409.11001	0.99258
2407.05621	0.99247
2405.00241	0.99258
2402.94861	0.99277
2400.89481	0.99286
2398.841	0.99275
2396.7872	0.99253
2394.7334	0.99235
2392.6796	0.99224
2390.62579	0.99248
2388.57199	0.993
2386.51819	0.9932
2384.46439	0.99295
2382.41059	0.9923
2380.35678	0.99109
2378.30298	0.98963
2376.24918	0.98831
2374.19538	0.98691
2372.14157	0.98504
2370.08777	0.98277
2368.03397	0.98062
2365.98017	0.9788
2363.92637	0.9773
2361.87256	0.97622
2359.81876	0.97575
2357.76496	0.97628
2355.71116	0.97798
2353.65735	0.98018
2351.60355	0.98227
2349.54975	0.9836
2347.49595	0.98335
2345.44215	0.98159
2343.38834	0.9798
2341.33454	0.97903
2339.28074	0.97905
2337.22694	0.97996
2335.17313	0.98132
2333.11933	0.98203
2331.06553	0.98226
2329.01173	0.98237
2326.95793	0.98178
2324.90412	0.98105
2322.85032	0.98158
2320.79652	0.9833
2318.74272	0.98497
2316.68891	0.98588
2314.63511	0.9861
2312.58131	0.98603
2310.52751	0.98619
2308.47371	0.98694
2306.4199	0.98791
2304.3661	0.98847
2302.3123	0.98862
2300.2585	0.9889
2298.20469	0.98954
2296.15089	0.99006
2294.09709	0.99017
2292.04329	0.99031
2289.98949	0.99047
2287.93568	0.99014
2285.88188	0.98977
2283.82808	0.99039
2281.77428	0.99185
2279.72047	0.99266
2277.66667	0.99194
2275.61287	0.99091
2273.55907	0.99078
2271.50527	0.99107
2269.45146	0.99123
2267.39766	0.99152
2265.34386	0.99186
2263.29006	0.99191
2261.23625	0.99169
2259.18245	0.99138
2257.12865	0.99133
2255.07485	0.99169
2253.02105	0.99174
2250.96724	0.99137
2248.91344	0.9912
2246.85964	0.99105
2244.80584	0.99101
2242.75203	0.9917
2240.69823	0.99268
2238.64443	0.99307
2236.59063	0.99269
2234.53683	0.99208
2232.48302	0.99181
2230.42922	0.99169
2228.37542	0.99198
2226.32162	0.99263
2224.26781	0.99241
2222.21401	0.99163
2220.16021	0.99119
2218.10641	0.99098
2216.0526	0.99113
2213.9988	0.99181
2211.945	0.9923
2209.8912	0.99229
2207.8374	0.99239
2205.78359	0.9924
2203.72979	0.99208
2201.67599	0.99202
2199.62219	0.99255
2197.56838	0.99311
2195.51458	0.99277
2193.46078	0.99133
2191.40698	0.98958
2189.35318	0.98958
2187.29937	0.99185
2185.24557	0.99368
2183.19177	0.99407
2181.13797	0.99394
2179.08416	0.99347
2177.03036	0.99349
2174.97656	0.99408
2172.92276	0.99424
2170.86896	0.9937
2168.81515	0.99263
2166.76135	0.99184
2164.70755	0.99107
2162.65375	0.98988
2160.59994	0.99152
2158.54614	0.99646
2156.49234	0.99915
2154.43854	0.99861
2152.38474	0.99754
2150.33093	0.99686
2148.27713	0.99676
2146.22333	0.99703
2144.16953	0.9969
2142.11572	0.99644
2140.06192	0.99651
2138.00812	0.99745
2135.95432	0.99793
2133.90052	0.99742
2131.84671	0.99683
2129.79291	0.99614
2127.73911	0.9954
2125.68531	0.99525
2123.6315	0.99542
2121.5777	0.99519
2119.5239	0.99491
2117.4701	0.99453
2115.4163	0.99369
2113.36249	0.99298
2111.30869	0.99283
2109.25489	0.99272
2107.20109	0.99225
2105.14728	0.99191
2103.09348	0.9921
2101.03968	0.99266
2098.98588	0.99305
2096.93208	0.99341
2094.87827	0.99419
2092.82447	0.99448
2090.77067	0.99382
2088.71687	0.99315
2086.66306	0.99311
2084.60926	0.99334
2082.55546	0.99377
2080.50166	0.99431
2078.44786	0.9942
2076.39405	0.9937
2074.34025	0.99365
2072.28645	0.99349
2070.23265	0.99304
2068.17884	0.99337
2066.12504	0.9941
2064.07124	0.99391
2062.01744	0.99306
2059.96364	0.9931
2057.90983	0.99413
2055.85603	0.9949
2053.80223	0.99449
2051.74843	0.99295
2049.69462	0.99167
2047.64082	0.99122
2045.58702	0.99066
2043.53322	0.99018
2041.47942	0.99018
2039.42561	0.99077
2037.37181	0.99218
2035.31801	0.99339
2033.26421	0.99372
2031.2104	0.99342
2029.1566	0.99296
2027.1028	0.99383
2025.049	0.99594
2022.9952	0.99689
2020.94139	0.99642
2018.88759	0.9955
2016.83379	0.99474
2014.77999	0.99412
2012.72618	0.99352
2010.67238	0.99392
2008.61858	0.99477
2006.56478	0.99563
2004.51098	0.99658
2002.45717	0.99642
2000.40337	0.99553
1998.34957	0.99471
1996.29577	0.99383
1994.24196	0.99389
1992.18816	0.99499
1990.13436	0.99518
1988.08056	0.99446
1986.02676	0.99393
1983.97295	0.9931
1981.91915	0.99154
1979.86535	0.99123
1977.81155	0.99379
1975.75774	0.99677
1973.70394	0.99741
1971.65014	0.99648
1969.59634	0.99638
1967.54254	0.99708
1965.48873	0.99677
1963.43493	0.99568
1961.38113	0.99514
1959.32733	0.99597
1957.27352	0.99727
1955.21972	0.99665
1953.16592	0.99472
1951.11212	0.99381
1949.05832	0.99385
1947.00451	0.99417
1944.95071	0.99491
1942.89691	0.99585
1940.84311	0.99575
1938.7893	0.99452
1936.7355	0.99377
1934.6817	0.99408
1932.6279	0.99402
1930.5741	0.99344
1928.52029	0.9937
1926.46649	0.99449
1924.41269	0.99474
1922.35889	0.99428
1920.30508	0.99418
1918.25128	0.99502
1916.19748	0.99514
1914.14368	0.99423
1912.08988	0.99421
1910.03607	0.99467
1907.98227	0.99409
1905.92847	0.99351
1903.87467	0.99374
1901.82086	0.99403
1899.76706	0.99408
1897.71326	0.99445
1895.65946	0.99517
1893.60566	0.99517
1891.55185	0.9944
1889.49805	0.99382
1887.44425	0.99379
1885.39045	0.99384
1883.33664	0.99353
1881.28284	0.99318
1879.22904	0.99325
1877.17524	0.99374
1875.12143	0.99402
1873.06763	0.99404
1871.01383	0.99474
1868.96003	0.99574
1866.90623	0.9955
1864.85242	0.99453
1862.79862	0.99399
1860.74482	0.99373
1858.69102	0.9933
1856.63721	0.99302
1854.58341	0.99337
1852.52961	0.99393
1850.47581	0.99421
1848.42201	0.99473
1846.3682	0.99568
1844.3144	0.99589
1842.2606	0.99461
1840.2068	0.99353
1838.15299	0.99343
1836.09919	0.99359
1834.04539	0.99353
1831.99159	0.99376
1829.93779	0.9944
1827.88398	0.99459
1825.83018	0.994
1823.77638	0.99287
1821.72258	0.99203
1819.66877	0.99216
1817.61497	0.99267
1815.56117	0.99287
1813.50737	0.993
1811.45357	0.99313
1809.39976	0.99295
1807.34596	0.99278
1805.29216	0.99306
1803.23836	0.99373
1801.18455	0.99418
1799.13075	0.99418
1797.07695	0.99426
1795.02315	0.99467
1792.96935	0.99512
1790.91554	0.99451
1788.86174	0.99319
1786.80794	0.99267
1784.75414	0.99306
1782.70033	0.99356
1780.64653	0.99367
1778.59273	0.99338
1776.53893	0.99345
1774.48513	0.99447
1772.43132	0.9956
1770.37752	0.99529
1768.32372	0.99423
1766.26992	0.99335
1764.21611	0.99315
1762.16231	0.99351
1760.10851	0.99339
1758.05471	0.99308
1756.00091	0.99299
1753.9471	0.99337
1751.8933	0.99448
1749.8395	0.99492
1747.7857	0.99379
1745.73189	0.9927
1743.67809	0.99227
1741.62429	0.99194
1739.57049	0.99124
1737.51669	0.99069
1735.46288	0.99142
1733.40908	0.99253
1731.35528	0.99201
1729.30148	0.99086
1727.24767	0.99001
1725.19387	0.98995
1723.14007	0.99036
1721.08627	0.99104
1719.03247	0.99271
1716.97866	0.9944
1714.92486	0.99356
1712.87106	0.99205
1710.81726	0.99153
1708.76345	0.99202
1706.70965	0.99313
1704.65585	0.99388
1702.60205	0.99425
1700.54825	0.9954
1698.49444	0.99658
1696.44064	0.99618
1694.38684	0.99446
1692.33304	0.99345
1690.27923	0.99377
1688.22543	0.99446
1686.17163	0.99566
1684.11783	0.99715
1682.06403	0.99636
1680.01022	0.99469
1677.95642	0.99385
1675.90262	0.99414
1673.84882	0.99484
1671.79501	0.99538
1669.74121	0.99545
1667.68741	0.99431
1665.63361	0.99335
1663.57981	0.99333
1661.526	0.99319
1659.4722	0.99286
1657.4184	0.99344
1655.3646	0.99514
1653.31079	0.99648
1651.25699	0.99539
1649.20319	0.99538
1647.14939	0.99629
1645.09559	0.99522
1643.04178	0.99357
1640.98798	0.99309
1638.93418	0.99383
1636.88038	0.99544
1634.82657	0.99548
1632.77277	0.99359
1630.71897	0.99265
1628.66517	0.99289
1626.61137	0.99322
1624.55756	0.99347
1622.50376	0.99366
1620.44996	0.99361
1618.39616	0.99392
1616.34235	0.99394
1614.28855	0.99292
1612.23475	0.99219
1610.18095	0.99215
1608.12715	0.9922
1606.07334	0.992
1604.01954	0.99199
1601.96574	0.99225
1599.91194	0.99239
1597.85813	0.99248
1595.80433	0.99261
1593.75053	0.9925
1591.69673	0.99225
1589.64293	0.99219
1587.58912	0.99219
1585.53532	0.99207
1583.48152	0.99209
1581.42772	0.99234
1579.37391	0.99285
1577.32011	0.99365
1575.26631	0.99357
1573.21251	0.99307
1571.15871	0.99359
1569.1049	0.99409
1567.0511	0.99373
1564.9973	0.99354
1562.9435	0.99408
1560.88969	0.99612
1558.83589	0.99863
1556.78209	0.99718
1554.72829	0.99542
1552.67449	0.99476
1550.62068	0.99464
1548.56688	0.99442
1546.51308	0.99479
1544.45928	0.99653
1542.40547	0.99845
1540.35167	0.99881
1538.29787	0.99673
1536.24407	0.99533
1534.19026	0.9953
1532.13646	0.9949
1530.08266	0.99438
1528.02886	0.99508
1525.97506	0.99616
1523.92125	0.99697
1521.86745	0.99778
1519.81365	0.9975
1517.75985	0.99673
1515.70604	0.99588
1513.65224	0.99527
1511.59844	0.99616
1509.54464	0.99857
1507.49084	1.0
1505.43703	0.99664
1503.38323	0.9938
1501.32943	0.99351
1499.27563	0.99436
1497.22182	0.99479
1495.16802	0.99396
1493.11422	0.99374
1491.06042	0.99517
1489.00662	0.99613
1486.95281	0.99471
1484.89901	0.99329
1482.84521	0.99306
1480.79141	0.99326
1478.7376	0.99354
1476.6838	0.9945
1474.63	0.99614
1472.5762	0.99658
1470.5224	0.99469
1468.46859	0.99327
1466.41479	0.9934
1464.36099	0.99364
1462.30719	0.99343
1460.25338	0.99439
1458.19958	0.99644
1456.14578	0.99577
1454.09198	0.99264
1452.03818	0.99039
1449.98437	0.98892
1447.93057	0.98704
1445.87677	0.98351
1443.82297	0.97825
1441.76916	0.97106
1439.71536	0.96258
1437.66156	0.95246
1435.60776	0.94144
1433.55396	0.93565
1431.50015	0.93349
1429.44635	0.92891
1427.39255	0.92201
1425.33875	0.92008
1423.28494	0.92633
1421.23114	0.93638
1419.17734	0.94718
1417.12354	0.9556
1415.06974	0.9607
1413.01593	0.96593
1410.96213	0.9717
1408.90833	0.97701
1406.85453	0.98174
1404.80072	0.9854
1402.74692	0.98713
1400.69312	0.98834
1398.63932	0.98973
1396.58552	0.99034
1394.53171	0.98953
1392.47791	0.98771
1390.42411	0.98633
1388.37031	0.98557
1386.3165	0.98403
1384.2627	0.9819
1382.2089	0.98082
1380.1551	0.98069
1378.1013	0.98072
1376.04749	0.98099
1373.99369	0.98133
1371.93989	0.98091
1369.88609	0.98005
1367.83228	0.97922
1365.77848	0.97878
1363.72468	0.97869
1361.67088	0.97755
1359.61708	0.97529
1357.56327	0.97347
1355.50947	0.97228
1353.45567	0.97139
1351.40187	0.97105
1349.34806	0.9711
1347.29426	0.97093
1345.24046	0.96999
1343.18666	0.96799
1341.13286	0.96458
1339.07905	0.95867
1337.02525	0.95115
1334.97145	0.9451
1332.91765	0.94181
1330.86384	0.9406
1328.81004	0.94022
1326.75624	0.94032
1324.70244	0.94135
1322.64864	0.94349
1320.59483	0.94638
1318.54103	0.94945
1316.48723	0.95232
1314.43343	0.955
1312.37962	0.95728
1310.32582	0.95889
1308.27202	0.96015
1306.21822	0.96149
1304.16442	0.96299
1302.11061	0.96454
1300.05681	0.96604
1298.00301	0.96761
1295.94921	0.96926
1293.8954	0.97075
1291.8416	0.9721
1289.7878	0.97326
1287.734	0.97368
1285.6802	0.97303
1283.62639	0.97166
1281.57259	0.96986
1279.51879	0.96776
1277.46499	0.96536
1275.41118	0.96256
1273.35738	0.95914
1271.30358	0.95477
1269.24978	0.9492
1267.19598	0.94274
1265.14217	0.93595
1263.08837	0.9289
1261.03457	0.92149
1258.98077	0.91372
1256.92696	0.90622
1254.87316	0.9005
1252.81936	0.89779
1250.76556	0.89758
1248.71176	0.89808
1246.65795	0.89838
1244.60415	0.89874
1242.55035	0.89933
1240.49655	0.90033
1238.44274	0.90218
1236.38894	0.90497
1234.33514	0.90815
1232.28134	0.91163
1230.22754	0.91612
1228.17373	0.92242
1226.11993	0.93064
1224.06613	0.93951
1222.01233	0.9472
1219.95852	0.95268
1217.90472	0.95584
1215.85092	0.95733
1213.79712	0.95791
1211.74332	0.95798
1209.68951	0.95783
1207.63571	0.95757
1205.58191	0.95709
1203.52811	0.95655
1201.4743	0.95615
1199.4205	0.9559
1197.3667	0.9559
1195.3129	0.95667
1193.25909	0.95829
1191.20529	0.9603
1189.15149	0.96248
1187.09769	0.9649
1185.04389	0.96761
1182.99008	0.97018
1180.93628	0.97224
1178.88248	0.97393
1176.82868	0.97533
1174.77487	0.97636
1172.72107	0.97706
1170.66727	0.97772
1168.61347	0.97857
1166.55967	0.97965
1164.50586	0.981
1162.45206	0.98273
1160.39826	0.98481
1158.34446	0.98682
1156.29065	0.98837
1154.23685	0.9895
1152.18305	0.99032
1150.12925	0.99084
1148.07545	0.99121
1146.02164	0.99136
1143.96784	0.99124
1141.91404	0.99111
1139.86024	0.99108
1137.80643	0.99099
1135.75263	0.99057
1133.69883	0.98971
1131.64503	0.9884
1129.59123	0.98669
1127.53742	0.98489
1125.48362	0.98322
1123.42982	0.98143
1121.37602	0.97945
1119.32221	0.97778
1117.26841	0.97669
1115.21461	0.97566
1113.16081	0.9741
1111.10701	0.97197
1109.0532	0.96953
1106.9994	0.96686
1104.9456	0.96412
1102.8918	0.96165
1100.83799	0.95963
1098.78419	0.9582
1096.73039	0.95737
1094.67659	0.95707
1092.62279	0.9573
1090.56898	0.95756
1088.51518	0.95793
1086.46138	0.95906
1084.40758	0.96061
1082.35377	0.96211
1080.29997	0.96365
1078.24617	0.96522
1076.19237	0.96649
1074.13857	0.96729
1072.08476	0.96782
1070.03096	0.96836
1067.97716	0.96898
1065.92336	0.96976
1063.86955	0.97066
1061.81575	0.97131
1059.76195	0.97176
1057.70815	0.97244
1055.65435	0.97311
1053.60054	0.97316
1051.54674	0.97302
1049.49294	0.97345
1047.43914	0.97409
1045.38533	0.97433
1043.33153	0.97443
1041.27773	0.97467
1039.22393	0.97476
1037.17013	0.97459
1035.11632	0.97465
1033.06252	0.97491
1031.00872	0.97498
1028.95492	0.97508
1026.90111	0.97512
1024.84731	0.97478
1022.79351	0.97433
1020.73971	0.97408
1018.68591	0.97398
1016.6321	0.97376
1014.5783	0.97357
1012.5245	0.97369
1010.4707	0.97386
1008.41689	0.97385
1006.36309	0.97375
1004.30929	0.9735
1002.25549	0.97294
1000.20169	0.97224
998.14788	0.97145
996.09408	0.97033
994.04028	0.96886
991.98648	0.96754
989.93267	0.96644
987.87887	0.96496
985.82507	0.96276
983.77127	0.95998
981.71747	0.95683
979.66366	0.95332
977.60986	0.9493
975.55606	0.94504
973.50226	0.94092
971.44845	0.93715
969.39465	0.93368
967.34085	0.93025
965.28705	0.92726
963.23325	0.92525
961.17944	0.9241
959.12564	0.92358
957.07184	0.9239
955.01804	0.92549
952.96423	0.92824
950.91043	0.9314
948.85663	0.93455
946.80283	0.93754
944.74903	0.94013
942.69522	0.94253
940.64142	0.94503
938.58762	0.94715
936.53382	0.94849
934.48001	0.94968
932.42621	0.951
930.37241	0.95182
928.31861	0.9523
926.26481	0.95288
924.211	0.95339
922.1572	0.95399
920.1034	0.95498
918.0496	0.95625
915.99579	0.9577
913.94199	0.95919
911.88819	0.96084
909.83439	0.96306
907.78059	0.96552
905.72678	0.96729
903.67298	0.96843
901.61918	0.96957
899.56538	0.97042
897.51157	0.97089
895.45777	0.97139
893.40397	0.97196
891.35017	0.97249
889.29637	0.97281
887.24256	0.97282
885.18876	0.97279
883.13496	0.9729
881.08116	0.97315
879.02735	0.97356
876.97355	0.97373
874.91975	0.97349
872.86595	0.97322
870.81215	0.97321
868.75834	0.97363
866.70454	0.97433
864.65074	0.9749
862.59694	0.97504
860.54313	0.97486
858.48933	0.97485
856.43553	0.97491
854.38173	0.9748
852.32792	0.97474
850.27412	0.97485
848.22032	0.97506
846.16652	0.97511
844.11272	0.97486
842.05891	0.97458
840.00511	0.97388
837.95131	0.97266
835.89751	0.97202
833.8437	0.97222
831.7899	0.97294
829.7361	0.97469
827.6823	0.97756
825.6285	0.981
823.57469	0.98446
821.52089	0.98739
819.46709	0.98973
817.41329	0.99139
815.35948	0.99267
813.30568	0.99408
811.25188	0.99544
809.19808	0.99623
807.14428	0.99634
805.09047	0.99647
803.03667	0.99715
800.98287	0.99787
798.92907	0.99806
796.87526	0.99786
794.82146	0.99804
792.76766	0.9989
790.71386	0.99942
788.66006	0.99905
786.60625	0.9988
784.55245	0.9992
782.49865	0.99936
780.44485	0.999
778.39104	0.99917
776.33724	0.99984
774.28344	1.0
772.22964	0.99985
770.17584	0.99958
768.12203	0.99897
766.06823	0.99835
764.01443	0.99825
761.96063	0.9986
759.90682	0.99901
757.85302	0.99906
755.79922	0.99881
753.74542	0.99867
751.69162	0.99864
749.63781	0.99885
747.58401	0.99947
745.53021	1.00007
743.47641	1.00037
741.4226	1.00047
739.3688	1.00032
737.315	0.99974
735.2612	0.99877
733.2074	0.99765
731.15359	0.99623
729.09979	0.99471
727.04599	0.99371
724.99219	0.99295
722.93838	0.99189
720.88458	0.99039
718.83078	0.98831
716.77698	0.98572
714.72318	0.98264
712.66937	0.97895
710.61557	0.97452
708.56177	0.96938
706.50797	0.96419
704.45416	0.95925
702.40036	0.95447
700.34656	0.95003
698.29276	0.94616
696.23896	0.94325
694.18515	0.94162
692.13135	0.94064
690.07755	0.93924
688.02375	0.93763
685.96994	0.93673
683.91614	0.93639
681.86234	0.93633
679.80854	0.93686
677.75474	0.9379
675.70093	0.93927
673.64713	0.94213
671.59333	0.94581
669.53953	0.94845
667.48572	0.9527
665.43192	0.95802
663.37812	0.96077
661.32432	0.96062
659.27052	0.95764
657.21671	0.95279
655.16291	0.94698
653.10911	0.94057
651.05531	0.93419
649.0015	0.92838
646.9477	0.92264
644.8939	0.91607
642.8401	0.90868
640.7863	0.90099
638.73249	0.89373
636.67869	0.8878
634.62489	0.88434
632.57109	0.88444
630.51728	0.88639
628.46348	0.88707
626.40968	0.88546
624.35588	0.88196
622.30208	0.87755
620.24827	0.87303
618.19447	0.86822
616.14067	0.86358
614.08687	0.85964
612.03306	0.85595
609.97926	0.85236
607.92546	0.84946
605.87166	0.84881
603.81786	0.8529
601.76405	0.86328
599.71025	0.87819
597.65645	0.89285
595.60265	0.9055
593.54884	0.91758
591.49504	0.92781
589.44124	0.93458
587.38744	0.93928
585.33364	0.94325
583.27983	0.94745
581.22603	0.95237
579.17223	0.95678
577.11843	0.96031
575.06462	0.96331
573.01082	0.96572
570.95702	0.96735
568.90322	0.96872
566.84942	0.97123
564.79561	0.97308
562.74181	0.97284
560.68801	0.97354
558.63421	0.97582
556.5804	0.97691
554.5266	0.97687
552.4728	0.97687
550.419	0.97718
548.3652	0.9788
546.31139	0.98141
544.25759	0.98268
542.20379	0.9824
540.14999	0.98239
538.09618	0.9825
536.04238	0.9833
533.98858	0.98595
531.93478	0.98831
529.88098	0.98898
527.82717	0.98937
525.77337	0.99029
523.71957	0.9909
521.66577	0.99121
519.61196	0.99144
517.55816	0.99124
515.50436	0.9908
513.45056	0.99049
511.39675	0.99113
509.34295	0.99268
507.28915	0.99329
505.23535	0.99267
503.18155	0.99228
501.12774	0.99197
499.07394	0.99144
497.02014	0.99078
494.96634	0.98993
492.91253	0.98928
490.85873	0.98885
488.80493	0.98825
486.75113	0.98766
484.69733	0.98823
482.64352	0.98998
480.58972	0.99159
478.53592	0.9923
476.48212	0.99254
474.42831	0.99355
472.37451	0.99509
470.32071	0.9952
468.26691	0.99448
466.21311	0.99509
464.1593	0.99679
462.1055	0.99839
460.0517	0.99938
457.9979	0.99913
455.94409	0.99881
453.89029	1.0
451.83649	1.00007
449.78269	0.99807
447.72889	0.99699
445.67508	0.99669
443.62128	0.99619
441.56748	0.99642
439.51368	0.99682
437.45987	0.99649
435.40607	0.99517
433.35227	0.99113
431.29847	0.98495
429.24467	0.98211
427.19086	0.98478
425.13706	0.98898
423.08326	0.99132
421.02946	0.99275
418.97565	0.99507
416.92185	0.99494
414.86805	0.99253
412.81425	0.99178
410.76045	0.99344
408.70664	0.99416
406.65284	0.99166
404.59904	0.98917
402.54524	0.98946
400.49143	0.99398
398.43763	1.0
KMeans Clustering	9.0
Spectral Clustering	1.0
Agglomerative Clustering	4.0
