Numero de onda	Teraftalato de polietileno.dpt
3996.69914	0.99507
3994.64534	0.99453
3992.59153	0.99452
3990.53773	0.99503
3988.48393	0.99521
3986.43013	0.99499
3984.37632	0.99517
3982.32252	0.99561
3980.26872	0.99559
3978.21492	0.99538
3976.16112	0.99529
3974.10731	0.99535
3972.05351	0.9955
3969.99971	0.9956
3967.94591	0.99585
3965.8921	0.99606
3963.8383	0.99597
3961.7845	0.99562
3959.7307	0.99496
3957.6769	0.99441
3955.62309	0.99436
3953.56929	0.99449
3951.51549	0.9945
3949.46169	0.99438
3947.40788	0.9942
3945.35408	0.99404
3943.30028	0.99407
3941.24648	0.99429
3939.19268	0.99445
3937.13887	0.99464
3935.08507	0.99495
3933.03127	0.99533
3930.97747	0.99544
3928.92366	0.99516
3926.86986	0.99529
3924.81606	0.99586
3922.76226	0.99601
3920.70845	0.99593
3918.65465	0.9958
3916.60085	0.99553
3914.54705	0.99539
3912.49325	0.9952
3910.43944	0.99499
3908.38564	0.99487
3906.33184	0.99488
3904.27804	0.99525
3902.22423	0.9956
3900.17043	0.99531
3898.11663	0.99488
3896.06283	0.99498
3894.00903	0.99512
3891.95522	0.99493
3889.90142	0.99489
3887.84762	0.99495
3885.79382	0.99502
3883.74001	0.99536
3881.68621	0.99529
3879.63241	0.99495
3877.57861	0.99518
3875.52481	0.99561
3873.471	0.99553
3871.4172	0.99513
3869.3634	0.9952
3867.3096	0.9954
3865.25579	0.99531
3863.20199	0.99535
3861.14819	0.99565
3859.09439	0.99581
3857.04059	0.99558
3854.98678	0.99563
3852.93298	0.99661
3850.87918	0.99672
3848.82538	0.99565
3846.77157	0.99474
3844.71777	0.99477
3842.66397	0.99542
3840.61017	0.99586
3838.55637	0.99587
3836.50256	0.99543
3834.44876	0.99486
3832.39496	0.99443
3830.34116	0.99425
3828.28735	0.99435
3826.23355	0.99489
3824.17975	0.99575
3822.12595	0.99633
3820.07215	0.99631
3818.01834	0.99575
3815.96454	0.99505
3813.91074	0.99476
3811.85694	0.99471
3809.80313	0.99469
3807.74933	0.99508
3805.69553	0.99564
3803.64173	0.99547
3801.58793	0.9948
3799.53412	0.99441
3797.48032	0.99447
3795.42652	0.99447
3793.37272	0.99416
3791.31891	0.99415
3789.26511	0.99479
3787.21131	0.99564
3785.15751	0.99612
3783.10371	0.99618
3781.0499	0.9959
3778.9961	0.99504
3776.9423	0.99421
3774.8885	0.99434
3772.83469	0.99514
3770.78089	0.99576
3768.72709	0.99599
3766.67329	0.99618
3764.61949	0.996
3762.56568	0.99545
3760.51188	0.9955
3758.45808	0.99609
3756.40428	0.99628
3754.35047	0.99625
3752.29667	0.99613
3750.24287	0.99603
3748.18907	0.99632
3746.13527	0.9966
3744.08146	0.99685
3742.02766	0.99692
3739.97386	0.99659
3737.92006	0.9961
3735.86625	0.99571
3733.81245	0.99562
3731.75865	0.99611
3729.70485	0.99654
3727.65105	0.99619
3725.59724	0.99546
3723.54344	0.99535
3721.48964	0.9957
3719.43584	0.99549
3717.38203	0.99537
3715.32823	0.99585
3713.27443	0.99666
3711.22063	0.99742
3709.16683	0.99696
3707.11302	0.99621
3705.05922	0.99636
3703.00542	0.99681
3700.95162	0.99684
3698.89781	0.99652
3696.84401	0.99613
3694.79021	0.99576
3692.73641	0.99535
3690.68261	0.99499
3688.6288	0.99534
3686.575	0.99597
3684.5212	0.99595
3682.4674	0.99555
3680.41359	0.9951
3678.35979	0.99497
3676.30599	0.9953
3674.25219	0.99544
3672.19839	0.99512
3670.14458	0.99507
3668.09078	0.99549
3666.03698	0.9956
3663.98318	0.99547
3661.92937	0.99541
3659.87557	0.99526
3657.82177	0.99546
3655.76797	0.99632
3653.71417	0.99679
3651.66036	0.99644
3649.60656	0.99581
3647.55276	0.9955
3645.49896	0.99518
3643.44515	0.99485
3641.39135	0.99475
3639.33755	0.99475
3637.28375	0.99494
3635.22995	0.99523
3633.17614	0.99516
3631.12234	0.99483
3629.06854	0.99421
3627.01474	0.99353
3624.96093	0.99365
3622.90713	0.99438
3620.85333	0.99505
3618.79953	0.99522
3616.74573	0.99504
3614.69192	0.99505
3612.63812	0.99561
3610.58432	0.99639
3608.53052	0.99669
3606.47671	0.99639
3604.42291	0.99601
3602.36911	0.99568
3600.31531	0.99549
3598.26151	0.99545
3596.2077	0.99545
3594.1539	0.99523
3592.1001	0.99459
3590.0463	0.99426
3587.99249	0.99447
3585.93869	0.99435
3583.88489	0.99409
3581.83109	0.99422
3579.77728	0.99453
3577.72348	0.99431
3575.66968	0.9935
3573.61588	0.99349
3571.56208	0.99453
3569.50827	0.99539
3567.45447	0.99535
3565.40067	0.99474
3563.34687	0.99451
3561.29306	0.99438
3559.23926	0.99381
3557.18546	0.99329
3555.13166	0.99319
3553.07786	0.99344
3551.02405	0.99386
3548.97025	0.99411
3546.91645	0.9941
3544.86265	0.99352
3542.80884	0.99279
3540.75504	0.99305
3538.70124	0.9937
3536.64744	0.99385
3534.59364	0.99347
3532.53983	0.99302
3530.48603	0.99329
3528.43223	0.99401
3526.37843	0.99411
3524.32462	0.99357
3522.27082	0.99319
3520.21702	0.99315
3518.16322	0.99302
3516.10942	0.99287
3514.05561	0.99309
3512.00181	0.99356
3509.94801	0.99377
3507.89421	0.99384
3505.8404	0.99405
3503.7866	0.994
3501.7328	0.99358
3499.679	0.99331
3497.6252	0.99352
3495.57139	0.9939
3493.51759	0.99395
3491.46379	0.99386
3489.40999	0.99408
3487.35618	0.99451
3485.30238	0.9946
3483.24858	0.99426
3481.19478	0.99392
3479.14098	0.99409
3477.08717	0.99463
3475.03337	0.9947
3472.97957	0.9941
3470.92577	0.99359
3468.87196	0.99361
3466.81816	0.994
3464.76436	0.99438
3462.71056	0.99419
3460.65676	0.99339
3458.60295	0.99294
3456.54915	0.99331
3454.49535	0.99387
3452.44155	0.994
3450.38774	0.99357
3448.33394	0.99321
3446.28014	0.993
3444.22634	0.99237
3442.17254	0.99183
3440.11873	0.99205
3438.06493	0.99269
3436.01113	0.99293
3433.95733	0.99247
3431.90352	0.99195
3429.84972	0.99172
3427.79592	0.9914
3425.74212	0.9912
3423.68832	0.99144
3421.63451	0.99174
3419.58071	0.99173
3417.52691	0.99166
3415.47311	0.99179
3413.4193	0.99187
3411.3655	0.99184
3409.3117	0.99212
3407.2579	0.99281
3405.2041	0.99322
3403.15029	0.99279
3401.09649	0.99216
3399.04269	0.99202
3396.98889	0.99215
3394.93508	0.99222
3392.88128	0.99242
3390.82748	0.99282
3388.77368	0.9933
3386.71988	0.99377
3384.66607	0.99415
3382.61227	0.99439
3380.55847	0.99464
3378.50467	0.99485
3376.45086	0.99475
3374.39706	0.99462
3372.34326	0.99493
3370.28946	0.99507
3368.23566	0.99443
3366.18185	0.99375
3364.12805	0.99358
3362.07425	0.99362
3360.02045	0.9937
3357.96664	0.99395
3355.91284	0.99426
3353.85904	0.99395
3351.80524	0.9932
3349.75144	0.99294
3347.69763	0.99367
3345.64383	0.99486
3343.59003	0.99538
3341.53623	0.99496
3339.48242	0.99425
3337.42862	0.99394
3335.37482	0.99415
3333.32102	0.99431
3331.26722	0.99435
3329.21341	0.99462
3327.15961	0.99478
3325.10581	0.99454
3323.05201	0.99421
3320.9982	0.99389
3318.9444	0.99348
3316.8906	0.99316
3314.8368	0.99307
3312.783	0.99325
3310.72919	0.9936
3308.67539	0.99372
3306.62159	0.9936
3304.56779	0.99352
3302.51398	0.99346
3300.46018	0.99332
3298.40638	0.99342
3296.35258	0.99373
3294.29878	0.9936
3292.24497	0.99333
3290.19117	0.99354
3288.13737	0.99376
3286.08357	0.99381
3284.02976	0.99399
3281.97596	0.99393
3279.92216	0.99384
3277.86836	0.99441
3275.81456	0.99514
3273.76075	0.99515
3271.70695	0.99446
3269.65315	0.99392
3267.59935	0.99382
3265.54554	0.9938
3263.49174	0.994
3261.43794	0.9943
3259.38414	0.99441
3257.33034	0.99457
3255.27653	0.99488
3253.22273	0.99522
3251.16893	0.99536
3249.11513	0.99501
3247.06132	0.99444
3245.00752	0.99426
3242.95372	0.99477
3240.89992	0.9955
3238.84611	0.99562
3236.79231	0.99497
3234.73851	0.99417
3232.68471	0.99362
3230.63091	0.99347
3228.5771	0.99382
3226.5233	0.9944
3224.4695	0.99468
3222.4157	0.99447
3220.36189	0.99409
3218.30809	0.99396
3216.25429	0.99426
3214.20049	0.99461
3212.14669	0.99459
3210.09288	0.99459
3208.03908	0.99454
3205.98528	0.99415
3203.93148	0.99378
3201.87767	0.99372
3199.82387	0.99404
3197.77007	0.99457
3195.71627	0.99497
3193.66247	0.99508
3191.60866	0.99487
3189.55486	0.99467
3187.50106	0.99455
3185.44726	0.9945
3183.39345	0.99452
3181.33965	0.99434
3179.28585	0.99411
3177.23205	0.99415
3175.17825	0.99443
3173.12444	0.99453
3171.07064	0.99454
3169.01684	0.99453
3166.96304	0.99416
3164.90923	0.99366
3162.85543	0.99375
3160.80163	0.99435
3158.74783	0.9947
3156.69403	0.9947
3154.64022	0.99471
3152.58642	0.99485
3150.53262	0.99488
3148.47882	0.99436
3146.42501	0.99367
3144.37121	0.99381
3142.31741	0.99453
3140.26361	0.99494
3138.20981	0.99484
3136.156	0.99446
3134.1022	0.99425
3132.0484	0.9941
3129.9946	0.99381
3127.94079	0.99366
3125.88699	0.99386
3123.83319	0.99429
3121.77939	0.99426
3119.72559	0.99369
3117.67178	0.99333
3115.61798	0.99334
3113.56418	0.9934
3111.51038	0.9934
3109.45657	0.99315
3107.40277	0.99273
3105.34897	0.99245
3103.29517	0.9922
3101.24137	0.99198
3099.18756	0.99208
3097.13376	0.99238
3095.07996	0.9926
3093.02616	0.9927
3090.97235	0.99274
3088.91855	0.99258
3086.86475	0.99211
3084.81095	0.99169
3082.75715	0.99145
3080.70334	0.99095
3078.64954	0.99045
3076.59574	0.99057
3074.54194	0.99096
3072.48813	0.99117
3070.43433	0.99144
3068.38053	0.9917
3066.32673	0.99166
3064.27293	0.99139
3062.21912	0.99118
3060.16532	0.99122
3058.11152	0.99126
3056.05772	0.99096
3054.00391	0.99066
3051.95011	0.99066
3049.89631	0.99092
3047.84251	0.99134
3045.78871	0.9918
3043.7349	0.99239
3041.6811	0.993
3039.6273	0.99333
3037.5735	0.99343
3035.51969	0.99374
3033.46589	0.99425
3031.41209	0.99441
3029.35829	0.99394
3027.30449	0.99315
3025.25068	0.99274
3023.19688	0.99266
3021.14308	0.99223
3019.08928	0.99159
3017.03547	0.99126
3014.98167	0.99102
3012.92787	0.99049
3010.87407	0.98974
3008.82027	0.98909
3006.76646	0.98879
3004.71266	0.98859
3002.65886	0.98803
3000.60506	0.98708
2998.55125	0.98595
2996.49745	0.98485
2994.44365	0.98393
2992.38985	0.9832
2990.33605	0.98241
2988.28224	0.98133
2986.22844	0.97994
2984.17464	0.97837
2982.12084	0.97685
2980.06703	0.97545
2978.01323	0.97381
2975.95943	0.97193
2973.90563	0.96998
2971.85183	0.96771
2969.79802	0.96522
2967.74422	0.96301
2965.69042	0.9612
2963.63662	0.96011
2961.58281	0.96023
2959.52901	0.96104
2957.47521	0.96175
2955.42141	0.9623
2953.36761	0.96336
2951.3138	0.96549
2949.26	0.96785
2947.2062	0.96955
2945.1524	0.97098
2943.09859	0.97212
2941.04479	0.97256
2938.99099	0.97281
2936.93719	0.97348
2934.88339	0.97404
2932.82958	0.97378
2930.77578	0.97317
2928.72198	0.9728
2926.66818	0.97244
2924.61437	0.97212
2922.56057	0.97191
2920.50677	0.97148
2918.45297	0.97105
2916.39917	0.97116
2914.34536	0.97207
2912.29156	0.97377
2910.23776	0.97558
2908.18396	0.97658
2906.13015	0.9767
2904.07635	0.97643
2902.02255	0.97623
2899.96875	0.97629
2897.91494	0.97671
2895.86114	0.9775
2893.80734	0.97849
2891.75354	0.97949
2889.69974	0.98028
2887.64593	0.98091
2885.59213	0.98157
2883.53833	0.98201
2881.48453	0.98215
2879.43072	0.98255
2877.37692	0.98296
2875.32312	0.98274
2873.26932	0.98238
2871.21552	0.98268
2869.16171	0.98331
2867.10791	0.98367
2865.05411	0.98378
2863.00031	0.98383
2860.9465	0.98387
2858.8927	0.98384
2856.8389	0.98347
2854.7851	0.98265
2852.7313	0.98198
2850.67749	0.98225
2848.62369	0.98371
2846.56989	0.98567
2844.51609	0.98708
2842.46228	0.988
2840.40848	0.98918
2838.35468	0.9905
2836.30088	0.99134
2834.24708	0.99164
2832.19327	0.99172
2830.13947	0.99163
2828.08567	0.99154
2826.03187	0.99166
2823.97806	0.99161
2821.92426	0.99148
2819.87046	0.9917
2817.81666	0.99209
2815.76286	0.99239
2813.70905	0.99271
2811.65525	0.99302
2809.60145	0.99307
2807.54765	0.99294
2805.49384	0.99298
2803.44004	0.99297
2801.38624	0.99275
2799.33244	0.9925
2797.27864	0.9924
2795.22483	0.99279
2793.17103	0.99353
2791.11723	0.99388
2789.06343	0.99368
2787.00962	0.99342
2784.95582	0.99348
2782.90202	0.99357
2780.84822	0.99337
2778.79442	0.99311
2776.74061	0.99321
2774.68681	0.99364
2772.63301	0.99391
2770.57921	0.99389
2768.5254	0.99376
2766.4716	0.99379
2764.4178	0.99393
2762.364	0.99384
2760.3102	0.99368
2758.25639	0.99385
2756.20259	0.99398
2754.14879	0.99373
2752.09499	0.99355
2750.04118	0.99369
2747.98738	0.9939
2745.93358	0.99396
2743.87978	0.99392
2741.82598	0.99398
2739.77217	0.99418
2737.71837	0.99445
2735.66457	0.99457
2733.61077	0.99442
2731.55696	0.99411
2729.50316	0.99404
2727.44936	0.99435
2725.39556	0.99473
2723.34176	0.9948
2721.28795	0.99465
2719.23415	0.99467
2717.18035	0.99479
2715.12655	0.99486
2713.07274	0.99491
2711.01894	0.99483
2708.96514	0.99467
2706.91134	0.99446
2704.85754	0.99424
2702.80373	0.99425
2700.74993	0.99434
2698.69613	0.99442
2696.64233	0.99446
2694.58852	0.99439
2692.53472	0.99442
2690.48092	0.99444
2688.42712	0.9944
2686.37332	0.99465
2684.31951	0.99517
2682.26571	0.99557
2680.21191	0.99567
2678.15811	0.99532
2676.1043	0.99474
2674.0505	0.99452
2671.9967	0.99462
2669.9429	0.99464
2667.8891	0.99471
2665.83529	0.99481
2663.78149	0.99471
2661.72769	0.99465
2659.67389	0.99471
2657.62008	0.99449
2655.56628	0.99408
2653.51248	0.9939
2651.45868	0.99391
2649.40488	0.99405
2647.35107	0.99405
2645.29727	0.99383
2643.24347	0.99396
2641.18967	0.9942
2639.13586	0.99419
2637.08206	0.99424
2635.02826	0.99439
2632.97446	0.99432
2630.92066	0.99405
2628.86685	0.99391
2626.81305	0.99406
2624.75925	0.99459
2622.70545	0.99505
2620.65164	0.99506
2618.59784	0.99494
2616.54404	0.99452
2614.49024	0.99401
2612.43644	0.99393
2610.38263	0.99402
2608.32883	0.99431
2606.27503	0.99477
2604.22123	0.99467
2602.16742	0.99407
2600.11362	0.9941
2598.05982	0.99466
2596.00602	0.99483
2593.95222	0.99484
2591.89841	0.99501
2589.84461	0.99493
2587.79081	0.99448
2585.73701	0.99431
2583.6832	0.99474
2581.6294	0.99515
2579.5756	0.99517
2577.5218	0.99495
2575.468	0.99465
2573.41419	0.99419
2571.36039	0.99381
2569.30659	0.99419
2567.25279	0.99523
2565.19898	0.99597
2563.14518	0.99582
2561.09138	0.9951
2559.03758	0.99488
2556.98377	0.99528
2554.92997	0.99521
2552.87617	0.99466
2550.82237	0.99432
2548.76857	0.99468
2546.71476	0.99548
2544.66096	0.99605
2542.60716	0.99634
2540.55336	0.9962
2538.49955	0.99563
2536.44575	0.99552
2534.39195	0.99592
2532.33815	0.99595
2530.28435	0.996
2528.23054	0.99632
2526.17674	0.99623
2524.12294	0.99609
2522.06914	0.99634
2520.01533	0.99643
2517.96153	0.99636
2515.90773	0.99657
2513.85393	0.99663
2511.80013	0.99616
2509.74632	0.99526
2507.69252	0.99465
2505.63872	0.99509
2503.58492	0.99609
2501.53111	0.99648
2499.47731	0.99608
2497.42351	0.99585
2495.36971	0.996
2493.31591	0.99592
2491.2621	0.99596
2489.2083	0.9964
2487.1545	0.99644
2485.1007	0.99566
2483.04689	0.9949
2480.99309	0.99518
2478.93929	0.99613
2476.88549	0.99678
2474.83169	0.99683
2472.77788	0.99674
2470.72408	0.99706
2468.67028	0.99739
2466.61648	0.99715
2464.56267	0.99662
2462.50887	0.99619
2460.45507	0.99595
2458.40127	0.99606
2456.34747	0.99616
2454.29366	0.99619
2452.23986	0.99654
2450.18606	0.99648
2448.13226	0.99596
2446.07845	0.99559
2444.02465	0.99531
2441.97085	0.99553
2439.91705	0.99595
2437.86325	0.99577
2435.80944	0.99552
2433.75564	0.99565
2431.70184	0.99561
2429.64804	0.9955
2427.59423	0.99577
2425.54043	0.99575
2423.48663	0.99526
2421.43283	0.99504
2419.37903	0.99501
2417.32522	0.99487
2415.27142	0.99462
2413.21762	0.99447
2411.16382	0.99489
2409.11001	0.99564
2407.05621	0.99584
2405.00241	0.99558
2402.94861	0.99522
2400.89481	0.99472
2398.841	0.99442
2396.7872	0.99438
2394.7334	0.99443
2392.6796	0.99459
2390.62579	0.99471
2388.57199	0.99482
2386.51819	0.99513
2384.46439	0.99528
2382.41059	0.99492
2380.35678	0.99458
2378.30298	0.9948
2376.24918	0.99533
2374.19538	0.9957
2372.14157	0.99584
2370.08777	0.99614
2368.03397	0.99659
2365.98017	0.9962
2363.92637	0.99517
2361.87256	0.99517
2359.81876	0.99621
2357.76496	0.99631
2355.71116	0.99542
2353.65735	0.99481
2351.60355	0.99465
2349.54975	0.99506
2347.49595	0.99565
2345.44215	0.99593
2343.38834	0.9959
2341.33454	0.99561
2339.28074	0.99569
2337.22694	0.99612
2335.17313	0.99588
2333.11933	0.99564
2331.06553	0.99631
2329.01173	0.99631
2326.95793	0.99487
2324.90412	0.99354
2322.85032	0.99318
2320.79652	0.9935
2318.74272	0.99423
2316.68891	0.99503
2314.63511	0.99554
2312.58131	0.99549
2310.52751	0.99491
2308.47371	0.99453
2306.4199	0.99477
2304.3661	0.99518
2302.3123	0.99521
2300.2585	0.99513
2298.20469	0.9952
2296.15089	0.99513
2294.09709	0.99464
2292.04329	0.99369
2289.98949	0.99289
2287.93568	0.99268
2285.88188	0.99333
2283.82808	0.99446
2281.77428	0.99458
2279.72047	0.99367
2277.66667	0.99309
2275.61287	0.99317
2273.55907	0.99355
2271.50527	0.99375
2269.45146	0.99391
2267.39766	0.99505
2265.34386	0.99683
2263.29006	0.99741
2261.23625	0.99631
2259.18245	0.99554
2257.12865	0.99619
2255.07485	0.99648
2253.02105	0.99604
2250.96724	0.99635
2248.91344	0.99604
2246.85964	0.9943
2244.80584	0.99358
2242.75203	0.9948
2240.69823	0.99627
2238.64443	0.99685
2236.59063	0.99686
2234.53683	0.99657
2232.48302	0.99589
2230.42922	0.99526
2228.37542	0.99497
2226.32162	0.99507
2224.26781	0.99569
2222.21401	0.99576
2220.16021	0.99479
2218.10641	0.99433
2216.0526	0.99505
2213.9988	0.99584
2211.945	0.99554
2209.8912	0.99473
2207.8374	0.99561
2205.78359	0.99839
2203.72979	0.99976
2201.67599	0.99829
2199.62219	0.99626
2197.56838	0.99545
2195.51458	0.99499
2193.46078	0.99428
2191.40698	0.99505
2189.35318	0.99797
2187.29937	1.00057
2185.24557	1.00004
2183.19177	0.9984
2181.13797	0.99867
2179.08416	0.99882
2177.03036	0.99754
2174.97656	0.99658
2172.92276	0.99674
2170.86896	0.99787
2168.81515	0.99837
2166.76135	0.99745
2164.70755	0.99692
2162.65375	0.99724
2160.59994	0.9982
2158.54614	1.00065
2156.49234	1.00318
2154.43854	1.00394
2152.38474	1.00357
2150.33093	1.0027
2148.27713	1.00203
2146.22333	1.00139
2144.16953	1.00075
2142.11572	1.00116
2140.06192	1.00181
2138.00812	1.00181
2135.95432	1.0013
2133.90052	1.00039
2131.84671	0.99942
2129.79291	0.99817
2127.73911	0.99723
2125.68531	0.99701
2123.6315	0.99661
2121.5777	0.99647
2119.5239	0.9966
2117.4701	0.99595
2115.4163	0.99537
2113.36249	0.99551
2111.30869	0.9953
2109.25489	0.99459
2107.20109	0.99445
2105.14728	0.99444
2103.09348	0.99415
2101.03968	0.99399
2098.98588	0.99394
2096.93208	0.99521
2094.87827	0.99749
2092.82447	0.99833
2090.77067	0.99747
2088.71687	0.99617
2086.66306	0.99568
2084.60926	0.9955
2082.55546	0.99448
2080.50166	0.99388
2078.44786	0.99417
2076.39405	0.99429
2074.34025	0.99407
2072.28645	0.99399
2070.23265	0.99411
2068.17884	0.9944
2066.12504	0.99524
2064.07124	0.99608
2062.01744	0.99598
2059.96364	0.99553
2057.90983	0.99497
2055.85603	0.99413
2053.80223	0.99391
2051.74843	0.99367
2049.69462	0.99326
2047.64082	0.99449
2045.58702	0.99606
2043.53322	0.99566
2041.47942	0.99409
2039.42561	0.99273
2037.37181	0.99306
2035.31801	0.99568
2033.26421	0.99817
2031.2104	0.99976
2029.1566	1.00082
2027.1028	1.00174
2025.049	1.00252
2022.9952	0.99977
2020.94139	0.99533
2018.88759	0.99503
2016.83379	0.99856
2014.77999	1.00225
2012.72618	1.00277
2010.67238	0.99994
2008.61858	0.99788
2006.56478	0.99853
2004.51098	1.00005
2002.45717	0.99986
2000.40337	0.99671
1998.34957	0.99415
1996.29577	0.99521
1994.24196	0.99688
1992.18816	0.99641
1990.13436	0.99438
1988.08056	0.99221
1986.02676	0.99098
1983.97295	0.9915
1981.91915	0.99353
1979.86535	0.99559
1977.81155	0.99739
1975.75774	0.99903
1973.70394	0.99952
1971.65014	0.99896
1969.59634	0.99687
1967.54254	0.99387
1965.48873	0.99284
1963.43493	0.9922
1961.38113	0.9908
1959.32733	0.99221
1957.27352	0.99455
1955.21972	0.99464
1953.16592	0.99428
1951.11212	0.99413
1949.05832	0.99348
1947.00451	0.99258
1944.95071	0.99247
1942.89691	0.99358
1940.84311	0.9948
1938.7893	0.99528
1936.7355	0.99497
1934.6817	0.99441
1932.6279	0.99463
1930.5741	0.9957
1928.52029	0.99644
1926.46649	0.99642
1924.41269	0.99664
1922.35889	0.99693
1920.30508	0.99628
1918.25128	0.99637
1916.19748	0.99767
1914.14368	0.99737
1912.08988	0.99584
1910.03607	0.99502
1907.98227	0.9948
1905.92847	0.99511
1903.87467	0.99599
1901.82086	0.99657
1899.76706	0.99653
1897.71326	0.99638
1895.65946	0.99657
1893.60566	0.99666
1891.55185	0.99643
1889.49805	0.99641
1887.44425	0.99634
1885.39045	0.99631
1883.33664	0.99683
1881.28284	0.99751
1879.22904	0.99749
1877.17524	0.99713
1875.12143	0.99728
1873.06763	0.99767
1871.01383	0.99759
1868.96003	0.99686
1866.90623	0.99611
1864.85242	0.99567
1862.79862	0.99555
1860.74482	0.99607
1858.69102	0.99686
1856.63721	0.99699
1854.58341	0.99659
1852.52961	0.99643
1850.47581	0.99655
1848.42201	0.99647
1846.3682	0.99599
1844.3144	0.9954
1842.2606	0.99513
1840.2068	0.99515
1838.15299	0.99495
1836.09919	0.99433
1834.04539	0.9938
1831.99159	0.99375
1829.93779	0.99395
1827.88398	0.9938
1825.83018	0.9932
1823.77638	0.99262
1821.72258	0.99254
1819.66877	0.99267
1817.61497	0.99263
1815.56117	0.99268
1813.50737	0.99288
1811.45357	0.99279
1809.39976	0.99265
1807.34596	0.99271
1805.29216	0.99256
1803.23836	0.99226
1801.18455	0.99224
1799.13075	0.99222
1797.07695	0.99182
1795.02315	0.99138
1792.96935	0.99133
1790.91554	0.99152
1788.86174	0.99156
1786.80794	0.99154
1784.75414	0.9913
1782.70033	0.99107
1780.64653	0.99108
1778.59273	0.99096
1776.53893	0.99058
1774.48513	0.99052
1772.43132	0.99067
1770.37752	0.99031
1768.32372	0.98965
1766.26992	0.98895
1764.21611	0.98812
1762.16231	0.98713
1760.10851	0.98638
1758.05471	0.98564
1756.00091	0.98444
1753.9471	0.98263
1751.8933	0.97984
1749.8395	0.97574
1747.7857	0.97059
1745.73189	0.96405
1743.67809	0.95559
1741.62429	0.94475
1739.57049	0.93106
1737.51669	0.91776
1735.46288	0.90364
1733.40908	0.88311
1731.35528	0.86374
1729.30148	0.84803
1727.24767	0.83282
1725.19387	0.81826
1723.14007	0.80397
1721.08627	0.79157
1719.03247	0.77912
1716.97866	0.76299
1714.92486	0.7493
1712.87106	0.74137
1710.81726	0.73723
1708.76345	0.73677
1706.70965	0.74186
1704.65585	0.75384
1702.60205	0.76969
1700.54825	0.79137
1698.49444	0.81523
1696.44064	0.83581
1694.38684	0.8551
1692.33304	0.86934
1690.27923	0.88094
1688.22543	0.8911
1686.17163	0.89914
1684.11783	0.90627
1682.06403	0.91166
1680.01022	0.91567
1677.95642	0.91934
1675.90262	0.92309
1673.84882	0.92729
1671.79501	0.93173
1669.74121	0.93724
1667.68741	0.94315
1665.63361	0.94791
1663.57981	0.95236
1661.526	0.95629
1659.4722	0.95912
1657.4184	0.96143
1655.3646	0.96374
1653.31079	0.96645
1651.25699	0.9685
1649.20319	0.96949
1647.14939	0.97065
1645.09559	0.97182
1643.04178	0.97245
1640.98798	0.97285
1638.93418	0.97323
1636.88038	0.97387
1634.82657	0.97465
1632.77277	0.97528
1630.71897	0.97602
1628.66517	0.97682
1626.61137	0.97737
1624.55756	0.97787
1622.50376	0.9781
1620.44996	0.97778
1618.39616	0.97701
1616.34235	0.9756
1614.28855	0.97464
1612.23475	0.97509
1610.18095	0.97648
1608.12715	0.97784
1606.07334	0.97892
1604.01954	0.98002
1601.96574	0.98112
1599.91194	0.98192
1597.85813	0.98249
1595.80433	0.98293
1593.75053	0.983
1591.69673	0.98262
1589.64293	0.98193
1587.58912	0.98083
1585.53532	0.97875
1583.48152	0.97503
1581.42772	0.9704
1579.37391	0.9673
1577.32011	0.96739
1575.26631	0.97035
1573.21251	0.97363
1571.15871	0.97665
1569.1049	0.97951
1567.0511	0.98091
1564.9973	0.98139
1562.9435	0.98209
1560.88969	0.98317
1558.83589	0.98405
1556.78209	0.98394
1554.72829	0.98395
1552.67449	0.9842
1550.62068	0.98441
1548.56688	0.98458
1546.51308	0.98476
1544.45928	0.98521
1542.40547	0.98606
1540.35167	0.9864
1538.29787	0.9852
1536.24407	0.98439
1534.19026	0.98444
1532.13646	0.98414
1530.08266	0.98353
1528.02886	0.98321
1525.97506	0.98304
1523.92125	0.98317
1521.86745	0.98383
1519.81365	0.98416
1517.75985	0.98363
1515.70604	0.98256
1513.65224	0.98097
1511.59844	0.9784
1509.54464	0.97415
1507.49084	0.96533
1505.43703	0.95571
1503.38323	0.95654
1501.32943	0.96365
1499.27563	0.97184
1497.22182	0.97806
1495.16802	0.98154
1493.11422	0.98306
1491.06042	0.98351
1489.00662	0.9826
1486.95281	0.98062
1484.89901	0.97827
1482.84521	0.97532
1480.79141	0.97177
1478.7376	0.96814
1476.6838	0.96453
1474.63	0.96077
1472.5762	0.95696
1470.5224	0.95455
1468.46859	0.95407
1466.41479	0.95407
1464.36099	0.95262
1462.30719	0.94941
1460.25338	0.94622
1458.19958	0.94398
1456.14578	0.94275
1454.09198	0.94231
1452.03818	0.94293
1449.98437	0.94517
1447.93057	0.94892
1445.87677	0.95278
1443.82297	0.95597
1441.76916	0.95884
1439.71536	0.96128
1437.66156	0.96385
1435.60776	0.96689
1433.55396	0.96933
1431.50015	0.97136
1429.44635	0.97347
1427.39255	0.97525
1425.33875	0.97597
1423.28494	0.97511
1421.23114	0.97245
1419.17734	0.96619
1417.12354	0.95401
1415.06974	0.93723
1413.01593	0.91708
1410.96213	0.89804
1408.90833	0.88854
1406.85453	0.89298
1404.80072	0.90766
1402.74692	0.92303
1400.69312	0.93321
1398.63932	0.9385
1396.58552	0.94029
1394.53171	0.94033
1392.47791	0.93958
1390.42411	0.93895
1388.37031	0.93895
1386.3165	0.93957
1384.2627	0.94103
1382.2089	0.94357
1380.1551	0.94663
1378.1013	0.94913
1376.04749	0.95082
1373.99369	0.9523
1371.93989	0.95375
1369.88609	0.9554
1367.83228	0.95792
1365.77848	0.9611
1363.72468	0.96447
1361.67088	0.96786
1359.61708	0.97031
1357.56327	0.97103
1355.50947	0.97023
1353.45567	0.96852
1351.40187	0.96632
1349.34806	0.96378
1347.29426	0.96038
1345.24046	0.95559
1343.18666	0.9505
1341.13286	0.94707
1339.07905	0.94697
1337.02525	0.95036
1334.97145	0.955
1332.91765	0.95839
1330.86384	0.9592
1328.81004	0.95761
1326.75624	0.95468
1324.70244	0.95127
1322.64864	0.94824
1320.59483	0.94662
1318.54103	0.94647
1316.48723	0.9469
1314.43343	0.9469
1312.37962	0.94576
1310.32582	0.94312
1308.27202	0.93909
1306.21822	0.9343
1304.16442	0.92942
1302.11061	0.92424
1300.05681	0.91813
1298.00301	0.91068
1295.94921	0.90164
1293.8954	0.89132
1291.8416	0.88054
1289.7878	0.86963
1287.734	0.85826
1285.6802	0.84661
1283.62639	0.83545
1281.57259	0.82478
1279.51879	0.81416
1277.46499	0.80395
1275.41118	0.79454
1273.35738	0.78544
1271.30358	0.77613
1269.24978	0.76708
1267.19598	0.75938
1265.14217	0.75359
1263.08837	0.74962
1261.03457	0.74708
1258.98077	0.74541
1256.92696	0.74389
1254.87316	0.74195
1252.81936	0.73958
1250.76556	0.73689
1248.71176	0.7337
1246.65795	0.73019
1244.60415	0.727
1242.55035	0.72474
1240.49655	0.72441
1238.44274	0.72676
1236.38894	0.73161
1234.33514	0.73892
1232.28134	0.74881
1230.22754	0.76064
1228.17373	0.77339
1226.11993	0.78641
1224.06613	0.79921
1222.01233	0.81132
1219.95852	0.82248
1217.90472	0.83249
1215.85092	0.84123
1213.79712	0.84869
1211.74332	0.85465
1209.68951	0.85883
1207.63571	0.86247
1205.58191	0.86756
1203.52811	0.87469
1201.4743	0.88317
1199.4205	0.89205
1197.3667	0.90053
1195.3129	0.90818
1193.25909	0.91489
1191.20529	0.92038
1189.15149	0.92448
1187.09769	0.92758
1185.04389	0.92956
1182.99008	0.92962
1180.93628	0.9279
1178.88248	0.92553
1176.82868	0.92348
1174.77487	0.9224
1172.72107	0.92293
1170.66727	0.92598
1168.61347	0.93131
1166.55967	0.93669
1164.50586	0.94028
1162.45206	0.94221
1160.39826	0.94299
1158.34446	0.94268
1156.29065	0.94143
1154.23685	0.93918
1152.18305	0.93608
1150.12925	0.93245
1148.07545	0.92806
1146.02164	0.92292
1143.96784	0.91722
1141.91404	0.91073
1139.86024	0.90338
1137.80643	0.89507
1135.75263	0.88506
1133.69883	0.873
1131.64503	0.85958
1129.59123	0.84568
1127.53742	0.83178
1125.48362	0.81823
1123.42982	0.80581
1121.37602	0.79513
1119.32221	0.78658
1117.26841	0.78144
1115.21461	0.78044
1113.16081	0.78198
1111.10701	0.78292
1109.0532	0.78
1106.9994	0.77191
1104.9456	0.76044
1102.8918	0.74874
1100.83799	0.73956
1098.78419	0.73391
1096.73039	0.73129
1094.67659	0.73091
1092.62279	0.7322
1090.56898	0.73462
1088.51518	0.73764
1086.46138	0.74104
1084.40758	0.7455
1082.35377	0.75219
1080.29997	0.76151
1078.24617	0.77312
1076.19237	0.78594
1074.13857	0.79845
1072.08476	0.80975
1070.03096	0.81964
1067.97716	0.82827
1065.92336	0.83633
1063.86955	0.84401
1061.81575	0.85047
1059.76195	0.85555
1057.70815	0.85966
1055.65435	0.86274
1053.60054	0.86448
1051.54674	0.86476
1049.49294	0.86409
1047.43914	0.86317
1045.38533	0.86239
1043.33153	0.86189
1041.27773	0.86183
1039.22393	0.86264
1037.17013	0.86392
1035.11632	0.86448
1033.06252	0.86418
1031.00872	0.86334
1028.95492	0.86185
1026.90111	0.85869
1024.84731	0.85076
1022.79351	0.83467
1020.73971	0.81125
1018.68591	0.78776
1016.6321	0.77569
1014.5783	0.78195
1012.5245	0.80172
1010.4707	0.82421
1008.41689	0.84267
1006.36309	0.85577
1004.30929	0.8646
1002.25549	0.87101
1000.20169	0.8759
998.14788	0.87884
996.09408	0.87982
994.04028	0.87992
991.98648	0.88002
989.93267	0.8799
987.87887	0.87979
985.82507	0.8802
983.77127	0.88077
981.71747	0.88126
979.66366	0.88171
977.60986	0.88166
975.55606	0.88079
973.50226	0.8794
971.44845	0.87806
969.39465	0.87711
967.34085	0.87645
965.28705	0.87613
963.23325	0.87621
961.17944	0.87656
959.12564	0.87716
957.07184	0.87776
955.01804	0.87819
952.96423	0.87895
950.91043	0.87985
948.85663	0.8801
946.80283	0.87921
944.74903	0.87668
942.69522	0.8731
940.64142	0.86965
938.58762	0.86697
936.53382	0.86567
934.48001	0.86608
932.42621	0.86807
930.37241	0.87164
928.31861	0.87628
926.26481	0.88082
924.211	0.88416
922.1572	0.88547
920.1034	0.88496
918.0496	0.88421
915.99579	0.88525
913.94199	0.88872
911.88819	0.89304
909.83439	0.89666
907.78059	0.89912
905.72678	0.90018
903.67298	0.90034
901.61918	0.90076
899.56538	0.90152
897.51157	0.90214
895.45777	0.90295
893.40397	0.90383
891.35017	0.90399
889.29637	0.90312
887.24256	0.90127
885.18876	0.8978
883.13496	0.89169
881.08116	0.88283
879.02735	0.87142
876.97355	0.85751
874.91975	0.84229
872.86595	0.83157
870.81215	0.83357
868.75834	0.84726
866.70454	0.86281
864.65074	0.87388
862.59694	0.88027
860.54313	0.88392
858.48933	0.88657
856.43553	0.8884
854.38173	0.88925
852.32792	0.88972
850.27412	0.88993
848.22032	0.89016
846.16652	0.89083
844.11272	0.89166
842.05891	0.89264
840.00511	0.894
837.95131	0.8963
835.89751	0.89973
833.8437	0.90289
831.7899	0.90513
829.7361	0.90721
827.6823	0.90918
825.6285	0.91059
823.57469	0.9113
821.52089	0.91155
819.46709	0.9117
817.41329	0.91154
815.35948	0.91104
813.30568	0.91086
811.25188	0.91131
809.19808	0.91252
807.14428	0.9146
805.09047	0.91665
803.03667	0.91781
800.98287	0.91773
798.92907	0.91491
796.87526	0.90919
794.82146	0.90473
792.76766	0.9052
790.71386	0.90942
788.66006	0.91488
786.60625	0.92043
784.55245	0.92529
782.49865	0.92922
780.44485	0.93232
778.39104	0.9349
776.33724	0.9375
774.28344	0.93982
772.22964	0.94109
770.17584	0.94178
768.12203	0.94294
766.06823	0.94433
764.01443	0.94533
761.96063	0.94572
759.90682	0.94583
757.85302	0.94592
755.79922	0.94504
753.74542	0.94298
751.69162	0.94118
749.63781	0.94077
747.58401	0.94113
745.53021	0.94045
743.47641	0.93577
741.4226	0.92442
739.3688	0.90578
737.315	0.88064
735.2612	0.85165
733.2074	0.82199
731.15359	0.79282
729.09979	0.76374
727.04599	0.73573
724.99219	0.71472
722.93838	0.7077
720.88458	0.71511
718.83078	0.73135
716.77698	0.75093
714.72318	0.77126
712.66937	0.79009
710.61557	0.80455
708.56177	0.81402
706.50797	0.82069
704.45416	0.82723
702.40036	0.83513
700.34656	0.84434
698.29276	0.8537
696.23896	0.86149
694.18515	0.86703
692.13135	0.87158
690.07755	0.87598
688.02375	0.87914
685.96994	0.88133
683.91614	0.88387
681.86234	0.88607
679.80854	0.88736
677.75474	0.88892
675.70093	0.89149
673.64713	0.8941
671.59333	0.89617
669.53953	0.89867
667.48572	0.90094
665.43192	0.90206
663.37812	0.90356
661.32432	0.90481
659.27052	0.90496
657.21671	0.90525
655.16291	0.90706
653.10911	0.90946
651.05531	0.91047
649.0015	0.91013
646.9477	0.91008
644.8939	0.91107
642.8401	0.91258
640.7863	0.91353
638.73249	0.91392
636.67869	0.91374
634.62489	0.91155
632.57109	0.90896
630.51728	0.90949
628.46348	0.91231
626.40968	0.91487
624.35588	0.91659
622.30208	0.9173
620.24827	0.91773
618.19447	0.91819
616.14067	0.91876
614.08687	0.92032
612.03306	0.9221
609.97926	0.92308
607.92546	0.92374
605.87166	0.92412
603.81786	0.92326
601.76405	0.92244
599.71025	0.92299
597.65645	0.92385
595.60265	0.92478
593.54884	0.92536
591.49504	0.92547
589.44124	0.92658
587.38744	0.92716
585.33364	0.92525
583.27983	0.92332
581.22603	0.92361
579.17223	0.92464
577.11843	0.92486
575.06462	0.92454
573.01082	0.92421
570.95702	0.92393
568.90322	0.92351
566.84942	0.92328
564.79561	0.92454
562.74181	0.92616
560.68801	0.92533
558.63421	0.92264
556.5804	0.9207
554.5266	0.91984
552.4728	0.91885
550.419	0.91774
548.3652	0.91713
546.31139	0.9174
544.25759	0.91791
542.20379	0.91673
540.14999	0.91451
538.09618	0.9132
536.04238	0.91219
533.98858	0.91091
531.93478	0.90938
529.88098	0.90671
527.82717	0.90375
525.77337	0.90244
523.71957	0.90305
521.66577	0.90349
519.61196	0.90177
517.55816	0.90024
515.50436	0.90017
513.45056	0.89843
511.39675	0.89465
509.34295	0.89064
507.28915	0.88681
505.23535	0.8813
503.18155	0.87384
501.12774	0.86849
499.07394	0.86696
497.02014	0.8677
494.96634	0.87022
492.91253	0.87285
490.85873	0.87384
488.80493	0.87439
486.75113	0.87669
484.69733	0.87966
482.64352	0.88149
480.58972	0.88316
478.53592	0.88466
476.48212	0.88431
474.42831	0.88168
472.37451	0.87882
470.32071	0.87749
468.26691	0.87698
466.21311	0.87668
464.1593	0.87623
462.1055	0.87548
460.0517	0.87468
457.9979	0.87416
455.94409	0.87345
453.89029	0.87297
451.83649	0.87459
449.78269	0.87728
447.72889	0.87658
445.67508	0.87105
443.62128	0.86652
441.56748	0.86715
439.51368	0.86797
437.45987	0.86532
435.40607	0.86172
433.35227	0.86113
431.29847	0.86547
429.24467	0.8687
427.19086	0.86673
425.13706	0.86591
423.08326	0.86678
421.02946	0.8652
418.97565	0.86231
416.92185	0.86087
414.86805	0.86216
412.81425	0.86449
410.76045	0.8651
408.70664	0.86366
406.65284	0.86303
404.59904	0.86509
402.54524	0.86877
400.49143	0.87094
398.43763	0.86798
KMeans Clustering	6.0
Spectral Clustering	9.0
Agglomerative Clustering	4.0
