Numero de onda	Muestra 128
3996.7144	0.97925
3994.66059	0.97951
3992.60678	0.97982
3990.55297	0.97978
3988.49916	0.97951
3986.44535	0.97942
3984.39154	0.97953
3982.33773	0.97944
3980.28391	0.97928
3978.2301	0.97921
3976.17629	0.97891
3974.12248	0.97889
3972.06867	0.97961
3970.01486	0.98004
3967.96105	0.97966
3965.90724	0.97938
3963.85343	0.97957
3961.79962	0.97973
3959.74581	0.97968
3957.692	0.97941
3955.63819	0.97904
3953.58438	0.97894
3951.53057	0.97922
3949.47676	0.97952
3947.42295	0.97954
3945.36914	0.97946
3943.31533	0.97967
3941.26152	0.97992
3939.20771	0.97983
3937.1539	0.97976
3935.10009	0.97986
3933.04628	0.98012
3930.99247	0.98043
3928.93866	0.98019
3926.88485	0.97979
3924.83104	0.97984
3922.77723	0.97989
3920.72342	0.97967
3918.66961	0.97956
3916.6158	0.97966
3914.56199	0.97978
3912.50818	0.97973
3910.45437	0.97954
3908.40056	0.97933
3906.34675	0.97921
3904.29294	0.97924
3902.23913	0.97935
3900.18532	0.97958
3898.13151	0.97964
3896.0777	0.97961
3894.02389	0.97983
3891.97008	0.98007
3889.91627	0.98009
3887.86246	0.97993
3885.80865	0.9795
3883.75484	0.97907
3881.70103	0.97925
3879.64722	0.97974
3877.59341	0.97985
3875.5396	0.9798
3873.48579	0.97982
3871.43198	0.97981
3869.37817	0.97975
3867.32436	0.97967
3865.27055	0.97963
3863.21674	0.97971
3861.16293	0.97983
3859.10912	0.97994
3857.05531	0.98001
3855.0015	0.97984
3852.94769	0.97951
3850.89388	0.97956
3848.84007	0.97966
3846.78626	0.97962
3844.73245	0.97953
3842.67864	0.97946
3840.62483	0.97937
3838.57102	0.97918
3836.51721	0.97912
3834.4634	0.97945
3832.40959	0.97976
3830.35578	0.97973
3828.30197	0.97978
3826.24816	0.98031
3824.19435	0.98078
3822.14054	0.9807
3820.08673	0.98038
3818.03292	0.98018
3815.97911	0.98013
3813.9253	0.9803
3811.87149	0.98049
3809.81768	0.9806
3807.76387	0.98049
3805.71006	0.98024
3803.65625	0.98027
3801.60244	0.98037
3799.54863	0.98028
3797.49482	0.98031
3795.44101	0.98031
3793.3872	0.97993
3791.33339	0.97967
3789.27958	0.97989
3787.22577	0.98013
3785.17196	0.98022
3783.11815	0.98041
3781.06434	0.98057
3779.01053	0.98043
3776.95672	0.98037
3774.90291	0.98064
3772.8491	0.98069
3770.79529	0.98053
3768.74148	0.98047
3766.68767	0.98017
3764.63386	0.97991
3762.58005	0.98029
3760.52624	0.98088
3758.47243	0.98104
3756.41862	0.98082
3754.36481	0.98042
3752.311	0.97995
3750.25719	0.9799
3748.20338	0.98043
3746.14957	0.98081
3744.09576	0.98056
3742.04195	0.98037
3739.98814	0.98047
3737.93433	0.98026
3735.88052	0.98015
3733.82671	0.98078
3731.7729	0.98131
3729.71909	0.98147
3727.66528	0.98148
3725.61147	0.98149
3723.55766	0.98153
3721.50385	0.98139
3719.45004	0.9811
3717.39623	0.98087
3715.34242	0.98073
3713.28861	0.98054
3711.2348	0.9803
3709.18099	0.98023
3707.12718	0.98051
3705.07337	0.981
3703.01956	0.98124
3700.96575	0.98096
3698.91194	0.98052
3696.85813	0.98022
3694.80432	0.97997
3692.75051	0.97986
3690.6967	0.98006
3688.64289	0.98018
3686.58907	0.98025
3684.53526	0.9805
3682.48145	0.98053
3680.42764	0.9804
3678.37383	0.98062
3676.32002	0.9808
3674.26621	0.98063
3672.2124	0.9807
3670.15859	0.98081
3668.10478	0.98071
3666.05097	0.98048
3663.99716	0.98025
3661.94335	0.98021
3659.88954	0.98027
3657.83573	0.98016
3655.78192	0.97997
3653.72811	0.97984
3651.6743	0.97976
3649.62049	0.97966
3647.56668	0.97936
3645.51287	0.97938
3643.45906	0.97981
3641.40525	0.98023
3639.35144	0.98042
3637.29763	0.98022
3635.24382	0.97978
3633.19001	0.97945
3631.1362	0.97933
3629.08239	0.9793
3627.02858	0.97943
3624.97477	0.97947
3622.92096	0.97919
3620.86715	0.97902
3618.81334	0.97944
3616.75953	0.97969
3614.70572	0.97927
3612.65191	0.9789
3610.5981	0.97891
3608.54429	0.97894
3606.49048	0.9786
3604.43667	0.97837
3602.38286	0.97857
3600.32905	0.97885
3598.27524	0.97921
3596.22143	0.97953
3594.16762	0.97962
3592.11381	0.97978
3590.06	0.98014
3588.00619	0.98028
3585.95238	0.97988
3583.89857	0.97953
3581.84476	0.97946
3579.79095	0.97938
3577.73714	0.97927
3575.68333	0.97949
3573.62952	0.98011
3571.57571	0.98046
3569.5219	0.98016
3567.46809	0.97978
3565.41428	0.97995
3563.36047	0.98025
3561.30666	0.98011
3559.25285	0.97979
3557.19904	0.97969
3555.14523	0.97968
3553.09142	0.97962
3551.03761	0.97951
3548.9838	0.97924
3546.92999	0.97874
3544.87618	0.97838
3542.82237	0.97844
3540.76856	0.97863
3538.71475	0.97894
3536.66094	0.97926
3534.60713	0.97927
3532.55332	0.97911
3530.49951	0.97914
3528.4457	0.97929
3526.39189	0.97903
3524.33808	0.97852
3522.28427	0.97845
3520.23046	0.97874
3518.17665	0.97877
3516.12284	0.97851
3514.06903	0.97843
3512.01522	0.97876
3509.96141	0.97924
3507.9076	0.97945
3505.85379	0.97925
3503.79998	0.97891
3501.74617	0.97879
3499.69236	0.97878
3497.63855	0.97856
3495.58474	0.97822
3493.53093	0.9781
3491.47712	0.97835
3489.42331	0.97869
3487.3695	0.97863
3485.31569	0.97838
3483.26188	0.97841
3481.20807	0.97851
3479.15426	0.97854
3477.10045	0.97845
3475.04664	0.9783
3472.99283	0.97848
3470.93902	0.97885
3468.88521	0.97906
3466.8314	0.97918
3464.77759	0.97914
3462.72378	0.97872
3460.66997	0.97825
3458.61616	0.97799
3456.56235	0.97781
3454.50854	0.97784
3452.45473	0.97828
3450.40092	0.9789
3448.34711	0.97915
3446.2933	0.97892
3444.23949	0.97877
3442.18568	0.97878
3440.13187	0.97866
3438.07806	0.97855
3436.02425	0.97862
3433.97044	0.97884
3431.91663	0.97902
3429.86282	0.97888
3427.80901	0.97859
3425.7552	0.9784
3423.70139	0.97812
3421.64758	0.97778
3419.59377	0.9779
3417.53996	0.97837
3415.48615	0.97861
3413.43234	0.97847
3411.37853	0.97828
3409.32472	0.97836
3407.27091	0.97851
3405.2171	0.97846
3403.16329	0.97845
3401.10948	0.97846
3399.05567	0.97825
3397.00186	0.97811
3394.94805	0.9782
3392.89424	0.97832
3390.84042	0.97839
3388.78661	0.97832
3386.7328	0.97808
3384.67899	0.97792
3382.62518	0.97795
3380.57137	0.97813
3378.51756	0.97826
3376.46375	0.97817
3374.40994	0.97812
3372.35613	0.97817
3370.30232	0.97792
3368.24851	0.97755
3366.1947	0.97746
3364.14089	0.97762
3362.08708	0.97776
3360.03327	0.97776
3357.97946	0.97771
3355.92565	0.97779
3353.87184	0.97806
3351.81803	0.97827
3349.76422	0.97844
3347.71041	0.9786
3345.6566	0.97846
3343.60279	0.97811
3341.54898	0.97799
3339.49517	0.97826
3337.44136	0.97855
3335.38755	0.97855
3333.33374	0.97846
3331.27993	0.9784
3329.22612	0.97847
3327.17231	0.97858
3325.1185	0.97859
3323.06469	0.97848
3321.01088	0.97825
3318.95707	0.978
3316.90326	0.97778
3314.84945	0.97778
3312.79564	0.97825
3310.74183	0.97886
3308.68802	0.97922
3306.63421	0.97926
3304.5804	0.97901
3302.52659	0.97882
3300.47278	0.97868
3298.41897	0.97851
3296.36516	0.97866
3294.31135	0.97883
3292.25754	0.97879
3290.20373	0.9788
3288.14992	0.97872
3286.09611	0.97855
3284.0423	0.97857
3281.98849	0.97861
3279.93468	0.97855
3277.88087	0.97845
3275.82706	0.97836
3273.77325	0.97843
3271.71944	0.97864
3269.66563	0.97874
3267.61182	0.97888
3265.55801	0.97913
3263.5042	0.97918
3261.45039	0.97915
3259.39658	0.97912
3257.34277	0.9789
3255.28896	0.97876
3253.23515	0.97881
3251.18134	0.97867
3249.12753	0.97853
3247.07372	0.97877
3245.01991	0.97907
3242.9661	0.97901
3240.91229	0.9789
3238.85848	0.97897
3236.80467	0.97903
3234.75086	0.97904
3232.69705	0.97897
3230.64324	0.97892
3228.58943	0.97909
3226.53562	0.97943
3224.48181	0.97939
3222.428	0.97886
3220.37419	0.9784
3218.32038	0.97855
3216.26657	0.9791
3214.21276	0.97939
3212.15895	0.97923
3210.10514	0.979
3208.05133	0.97906
3205.99752	0.97919
3203.94371	0.97916
3201.8899	0.97921
3199.83609	0.97932
3197.78228	0.97928
3195.72847	0.97911
3193.67466	0.97914
3191.62085	0.97932
3189.56704	0.97933
3187.51323	0.97921
3185.45942	0.97913
3183.40561	0.97912
3181.3518	0.97918
3179.29799	0.97928
3177.24418	0.97939
3175.19037	0.97931
3173.13656	0.97911
3171.08275	0.97915
3169.02894	0.97928
3166.97513	0.979
3164.92132	0.9786
3162.86751	0.97882
3160.8137	0.97942
3158.75989	0.97942
3156.70608	0.97875
3154.65227	0.97834
3152.59846	0.97856
3150.54465	0.97898
3148.49084	0.97905
3146.43703	0.97867
3144.38322	0.97846
3142.32941	0.97871
3140.2756	0.97914
3138.22179	0.9795
3136.16798	0.97958
3134.11417	0.97929
3132.06036	0.9789
3130.00655	0.97884
3127.95274	0.97913
3125.89893	0.97933
3123.84512	0.97926
3121.79131	0.97911
3119.7375	0.97899
3117.68369	0.97874
3115.62988	0.97848
3113.57607	0.97849
3111.52226	0.97859
3109.46845	0.97854
3107.41464	0.97826
3105.36083	0.97807
3103.30702	0.97822
3101.25321	0.9783
3099.1994	0.97804
3097.14559	0.97764
3095.09177	0.97722
3093.03796	0.97684
3090.98415	0.97666
3088.93034	0.97666
3086.87653	0.97656
3084.82272	0.97642
3082.76891	0.97647
3080.7151	0.9765
3078.66129	0.97642
3076.60748	0.97636
3074.55367	0.97621
3072.49986	0.97599
3070.44605	0.97599
3068.39224	0.97614
3066.33843	0.9761
3064.28462	0.976
3062.23081	0.97615
3060.177	0.97646
3058.12319	0.97658
3056.06938	0.9764
3054.01557	0.9762
3051.96176	0.97608
3049.90795	0.97575
3047.85414	0.97533
3045.80033	0.97513
3043.74652	0.97499
3041.69271	0.97476
3039.6389	0.97455
3037.58509	0.97431
3035.53128	0.97398
3033.47747	0.97383
3031.42366	0.97397
3029.36985	0.97422
3027.31604	0.97442
3025.26223	0.97463
3023.20842	0.97466
3021.15461	0.97444
3019.1008	0.97421
3017.04699	0.97405
3014.99318	0.97395
3012.93937	0.9739
3010.88556	0.97386
3008.83175	0.97383
3006.77794	0.97367
3004.72413	0.97339
3002.67032	0.97318
3000.61651	0.97313
2998.5627	0.97315
2996.50889	0.97311
2994.45508	0.97291
2992.40127	0.97254
2990.34746	0.97209
2988.29365	0.97165
2986.23984	0.97123
2984.18603	0.97082
2982.13222	0.9704
2980.07841	0.9698
2978.0246	0.96892
2975.97079	0.96784
2973.91698	0.96669
2971.86317	0.96544
2969.80936	0.96389
2967.75555	0.96206
2965.70174	0.9601
2963.64793	0.95803
2961.59412	0.956
2959.54031	0.95407
2957.4865	0.95184
2955.43269	0.94895
2953.37888	0.94563
2951.32507	0.94207
2949.27126	0.93775
2947.21745	0.93202
2945.16364	0.92446
2943.10983	0.91454
2941.05602	0.90201
2939.00221	0.88698
2936.9484	0.86941
2934.89459	0.84903
2932.84078	0.82525
2930.78697	0.79732
2928.73316	0.76433
2926.67935	0.72476
2924.62554	0.67695
2922.57173	0.62118
2920.51792	0.5612
2918.46411	0.50425
2916.4103	0.46055
2914.35649	0.44019
2912.30268	0.44649
2910.24887	0.47292
2908.19506	0.5085
2906.14125	0.54474
2904.08744	0.57689
2902.03363	0.60344
2899.97982	0.6252
2897.92601	0.64383
2895.8722	0.6609
2893.81839	0.67759
2891.76458	0.69438
2889.71077	0.71159
2887.65696	0.72936
2885.60315	0.74748
2883.54934	0.76605
2881.49553	0.78518
2879.44172	0.80475
2877.38791	0.82401
2875.3341	0.84144
2873.28029	0.85541
2871.22648	0.86495
2869.17267	0.87016
2867.11886	0.8711
2865.06505	0.86722
2863.01124	0.85765
2860.95743	0.84067
2858.90362	0.81316
2856.84981	0.77066
2854.796	0.7075
2852.74219	0.62227
2850.68838	0.53029
2848.63457	0.4656
2846.58076	0.45639
2844.52695	0.49965
2842.47314	0.56924
2840.41933	0.64017
2838.36552	0.69989
2836.31171	0.74621
2834.2579	0.78141
2832.20409	0.80816
2830.15028	0.82877
2828.09647	0.84521
2826.04266	0.85865
2823.98885	0.86969
2821.93504	0.87893
2819.88123	0.88679
2817.82742	0.89336
2815.77361	0.89885
2813.7198	0.90369
2811.66599	0.90803
2809.61218	0.91194
2807.55837	0.91541
2805.50456	0.91824
2803.45075	0.92088
2801.39693	0.92381
2799.34312	0.92667
2797.28931	0.92916
2795.2355	0.93148
2793.18169	0.93371
2791.12788	0.93569
2789.07407	0.9376
2787.02026	0.93958
2784.96645	0.94139
2782.91264	0.94297
2780.85883	0.94445
2778.80502	0.94584
2776.75121	0.94715
2774.6974	0.94833
2772.64359	0.94927
2770.58978	0.95015
2768.53597	0.9511
2766.48216	0.95195
2764.42835	0.95274
2762.37454	0.95356
2760.32073	0.95411
2758.26692	0.95446
2756.21311	0.95504
2754.1593	0.95584
2752.10549	0.95644
2750.05168	0.95671
2747.99787	0.95698
2745.94406	0.95734
2743.89025	0.95747
2741.83644	0.9573
2739.78263	0.95721
2737.72882	0.95746
2735.67501	0.95796
2733.6212	0.95836
2731.56739	0.95865
2729.51358	0.95906
2727.45977	0.95938
2725.40596	0.95969
2723.35215	0.96029
2721.29834	0.96087
2719.24453	0.96115
2717.19072	0.96143
2715.13691	0.96183
2713.0831	0.96208
2711.02929	0.96208
2708.97548	0.96206
2706.92167	0.96229
2704.86786	0.96269
2702.81405	0.96295
2700.76024	0.96303
2698.70643	0.96314
2696.65262	0.9634
2694.59881	0.96366
2692.545	0.96374
2690.49119	0.96383
2688.43738	0.96413
2686.38357	0.96435
2684.32976	0.9644
2682.27595	0.96438
2680.22214	0.96436
2678.16833	0.96437
2676.11452	0.96423
2674.06071	0.96388
2672.0069	0.96345
2669.95309	0.96305
2667.89928	0.96272
2665.84547	0.96233
2663.79166	0.96184
2661.73785	0.9614
2659.68404	0.96121
2657.63023	0.96133
2655.57642	0.96164
2653.52261	0.96194
2651.4688	0.96213
2649.41499	0.96218
2647.36118	0.96208
2645.30737	0.96196
2643.25356	0.96184
2641.19975	0.96165
2639.14594	0.96149
2637.09213	0.96126
2635.03832	0.96109
2632.98451	0.96134
2630.9307	0.96197
2628.87689	0.96257
2626.82308	0.96302
2624.76927	0.96349
2622.71546	0.96396
2620.66165	0.96437
2618.60784	0.96489
2616.55403	0.96562
2614.50022	0.96638
2612.44641	0.96683
2610.3926	0.96697
2608.33879	0.96716
2606.28498	0.96753
2604.23117	0.96778
2602.17736	0.96794
2600.12355	0.9683
2598.06974	0.96881
2596.01593	0.96924
2593.96212	0.96949
2591.90831	0.96968
2589.8545	0.96985
2587.80069	0.96994
2585.74688	0.97012
2583.69307	0.97062
2581.63926	0.97108
2579.58545	0.97121
2577.53164	0.9712
2575.47783	0.9712
2573.42402	0.97119
2571.37021	0.97109
2569.3164	0.97111
2567.26259	0.97136
2565.20878	0.9717
2563.15497	0.97205
2561.10116	0.97214
2559.04735	0.97198
2556.99354	0.97195
2554.93973	0.97212
2552.88592	0.97227
2550.83211	0.9723
2548.7783	0.9722
2546.72449	0.97222
2544.67068	0.97247
2542.61687	0.9727
2540.56306	0.97307
2538.50925	0.97357
2536.45544	0.97349
2534.40163	0.97295
2532.34782	0.97275
2530.29401	0.97277
2528.2402	0.97277
2526.18639	0.97299
2524.13258	0.97338
2522.07877	0.97379
2520.02496	0.97402
2517.97115	0.97403
2515.91734	0.97414
2513.86353	0.9745
2511.80972	0.97493
2509.75591	0.97516
2507.7021	0.97512
2505.64828	0.97515
2503.59447	0.97522
2501.54066	0.97508
2499.48685	0.97479
2497.43304	0.97475
2495.37923	0.97511
2493.32542	0.97543
2491.27161	0.9755
2489.2178	0.97531
2487.16399	0.97496
2485.11018	0.97488
2483.05637	0.9754
2481.00256	0.976
2478.94875	0.97598
2476.89494	0.97545
2474.84113	0.97519
2472.78732	0.97533
2470.73351	0.97535
2468.6797	0.97535
2466.62589	0.9756
2464.57208	0.97593
2462.51827	0.97617
2460.46446	0.97612
2458.41065	0.97583
2456.35684	0.9756
2454.30303	0.97574
2452.24922	0.97618
2450.19541	0.97663
2448.1416	0.97688
2446.08779	0.97672
2444.03398	0.97632
2441.98017	0.9764
2439.92636	0.9768
2437.87255	0.97652
2435.81874	0.97564
2433.76493	0.97532
2431.71112	0.97561
2429.65731	0.97579
2427.6035	0.97587
2425.54969	0.97609
2423.49588	0.97631
2421.44207	0.97625
2419.38826	0.97609
2417.33445	0.97599
2415.28064	0.97599
2413.22683	0.9762
2411.17302	0.97629
2409.11921	0.97618
2407.0654	0.97622
2405.01159	0.9763
2402.95778	0.97614
2400.90397	0.97611
2398.85016	0.97645
2396.79635	0.97665
2394.74254	0.97653
2392.68873	0.97654
2390.63492	0.97653
2388.58111	0.97634
2386.5273	0.97629
2384.47349	0.97627
2382.41968	0.97631
2380.36587	0.97672
2378.31206	0.97724
2376.25825	0.97735
2374.20444	0.97718
2372.15063	0.97698
2370.09682	0.97722
2368.04301	0.97797
2365.9892	0.97822
2363.93539	0.97766
2361.88158	0.97702
2359.82777	0.97667
2357.77396	0.97639
2355.72015	0.97604
2353.66634	0.97546
2351.61253	0.97452
2349.55872	0.97361
2347.50491	0.97341
2345.4511	0.97384
2343.39729	0.97392
2341.34348	0.97338
2339.28967	0.9728
2337.23586	0.97278
2335.18205	0.9731
2333.12824	0.97304
2331.07443	0.97308
2329.02062	0.97332
2326.96681	0.97249
2324.913	0.97113
2322.85919	0.97131
2320.80538	0.97258
2318.75157	0.97307
2316.69776	0.97319
2314.64395	0.97352
2312.59014	0.97349
2310.53633	0.97338
2308.48252	0.97391
2306.42871	0.97455
2304.3749	0.97486
2302.32109	0.97514
2300.26728	0.97509
2298.21347	0.97461
2296.15966	0.9745
2294.10585	0.97472
2292.05204	0.97464
2289.99823	0.9742
2287.94442	0.974
2285.89061	0.97416
2283.8368	0.97425
2281.78299	0.97469
2279.72918	0.9756
2277.67537	0.97588
2275.62156	0.9754
2273.56775	0.97537
2271.51394	0.97563
2269.46013	0.97544
2267.40632	0.9754
2265.35251	0.97569
2263.2987	0.97619
2261.24489	0.97662
2259.19108	0.97631
2257.13727	0.97585
2255.08346	0.9762
2253.02965	0.97713
2250.97584	0.97781
2248.92203	0.97743
2246.86822	0.97662
2244.81441	0.97636
2242.7606	0.97638
2240.70679	0.97645
2238.65298	0.97635
2236.59917	0.97661
2234.54536	0.97757
2232.49155	0.97799
2230.43774	0.97768
2228.38393	0.97786
2226.33012	0.97825
2224.27631	0.97808
2222.2225	0.97816
2220.16869	0.9781
2218.11488	0.97702
2216.06107	0.97628
2214.00726	0.97653
2211.95344	0.97659
2209.89963	0.97644
2207.84582	0.97669
2205.79201	0.9767
2203.7382	0.97655
2201.68439	0.97737
2199.63058	0.97864
2197.57677	0.97898
2195.52296	0.97895
2193.46915	0.97915
2191.41534	0.97898
2189.36153	0.97847
2187.30772	0.97781
2185.25391	0.97722
2183.2001	0.97699
2181.14629	0.97675
2179.09248	0.97697
2177.03867	0.97847
2174.98486	0.98025
2172.93105	0.98077
2170.87724	0.97953
2168.82343	0.97732
2166.76962	0.9748
2164.71581	0.97264
2162.662	0.97341
2160.60819	0.97728
2158.55438	0.98041
2156.50057	0.98178
2154.44676	0.98241
2152.39295	0.98117
2150.33914	0.97911
2148.28533	0.97865
2146.23152	0.97904
2144.17771	0.97908
2142.1239	0.97947
2140.07009	0.98013
2138.01628	0.98008
2135.96247	0.97985
2133.90866	0.98005
2131.85485	0.98036
2129.80104	0.98072
2127.74723	0.98083
2125.69342	0.9805
2123.63961	0.97986
2121.5858	0.97922
2119.53199	0.97896
2117.47818	0.97858
2115.42437	0.97782
2113.37056	0.97731
2111.31675	0.97737
2109.26294	0.9779
2107.20913	0.97841
2105.15532	0.97832
2103.10151	0.97763
2101.0477	0.97706
2098.99389	0.97737
2096.94008	0.97816
2094.88627	0.97847
2092.83246	0.97803
2090.77865	0.97751
2088.72484	0.97761
2086.67103	0.97806
2084.61722	0.97794
2082.56341	0.97732
2080.5096	0.97723
2078.45579	0.97757
2076.40198	0.97747
2074.34817	0.97709
2072.29436	0.97709
2070.24055	0.97742
2068.18674	0.9776
2066.13293	0.97746
2064.07912	0.97749
2062.02531	0.97809
2059.9715	0.97836
2057.91769	0.97799
2055.86388	0.97797
2053.81007	0.97743
2051.75626	0.97524
2049.70245	0.97355
2047.64864	0.97416
2045.59483	0.97615
2043.54102	0.97793
2041.48721	0.97838
2039.4334	0.97784
2037.37959	0.97679
2035.32578	0.97559
2033.27197	0.97579
2031.21816	0.97719
2029.16435	0.97811
2027.11054	0.97831
2025.05673	0.97867
2023.00292	0.97898
2020.94911	0.97787
2018.8953	0.97649
2016.84149	0.97676
2014.78768	0.97777
2012.73387	0.97783
2010.68006	0.9773
2008.62625	0.97681
2006.57244	0.97627
2004.51863	0.97683
2002.46482	0.9783
2000.41101	0.97919
1998.3572	0.97954
1996.30339	0.97945
1994.24958	0.97937
1992.19577	0.97953
1990.14196	0.97875
1988.08815	0.97732
1986.03434	0.97637
1983.98053	0.97553
1981.92672	0.97472
1979.87291	0.97522
1977.8191	0.97701
1975.76529	0.97763
1973.71148	0.9769
1971.65767	0.97713
1969.60386	0.97821
1967.55005	0.97918
1965.49624	0.97984
1963.44243	0.97957
1961.38862	0.97948
1959.33481	0.98036
1957.281	0.98081
1955.22719	0.98005
1953.17338	0.97882
1951.11957	0.97791
1949.06576	0.97793
1947.01195	0.97926
1944.95814	0.98055
1942.90433	0.98028
1940.85052	0.97914
1938.79671	0.97859
1936.7429	0.97866
1934.68909	0.97868
1932.63528	0.97874
1930.58147	0.97951
1928.52766	0.98027
1926.47385	0.97987
1924.42004	0.97913
1922.36623	0.97896
1920.31242	0.97859
1918.25861	0.97748
1916.20479	0.97683
1914.15098	0.97729
1912.09717	0.97768
1910.04336	0.97721
1907.98955	0.97645
1905.93574	0.9761
1903.88193	0.9762
1901.82812	0.97665
1899.77431	0.97694
1897.7205	0.97669
1895.66669	0.97647
1893.61288	0.97665
1891.55907	0.97715
1889.50526	0.97778
1887.45145	0.97792
1885.39764	0.97764
1883.34383	0.97751
1881.29002	0.9775
1879.23621	0.97732
1877.1824	0.97691
1875.12859	0.9766
1873.07478	0.97665
1871.02097	0.9768
1868.96716	0.97696
1866.91335	0.97727
1864.85954	0.9775
1862.80573	0.97774
1860.75192	0.9779
1858.69811	0.97785
1856.6443	0.97777
1854.59049	0.9778
1852.53668	0.97804
1850.48287	0.97829
1848.42906	0.97815
1846.37525	0.97786
1844.32144	0.97771
1842.26763	0.97744
1840.21382	0.97707
1838.16001	0.97687
1836.1062	0.97704
1834.05239	0.97734
1831.99858	0.97745
1829.94477	0.97738
1827.89096	0.97705
1825.83715	0.97654
1823.78334	0.97624
1821.72953	0.9763
1819.67572	0.97628
1817.62191	0.97601
1815.5681	0.97587
1813.51429	0.97599
1811.46048	0.97604
1809.40667	0.97595
1807.35286	0.97555
1805.29905	0.97493
1803.24524	0.97442
1801.19143	0.97398
1799.13762	0.9737
1797.08381	0.97361
1795.03	0.97339
1792.97619	0.97282
1790.92238	0.97201
1788.86857	0.97138
1786.81476	0.97105
1784.76095	0.97079
1782.70714	0.9706
1780.65333	0.97045
1778.59952	0.97022
1776.54571	0.9699
1774.4919	0.96962
1772.43809	0.96933
1770.38428	0.96892
1768.33047	0.9686
1766.27666	0.96837
1764.22285	0.96813
1762.16904	0.96783
1760.11523	0.96744
1758.06142	0.96689
1756.00761	0.9663
1753.9538	0.96587
1751.89999	0.96534
1749.84618	0.96401
1747.79237	0.96184
1745.73856	0.95959
1743.68475	0.95759
1741.63094	0.95579
1739.57713	0.95413
1737.52332	0.9531
1735.46951	0.95265
1733.4157	0.95242
1731.36189	0.95234
1729.30808	0.9515
1727.25427	0.94901
1725.20046	0.94485
1723.14665	0.93979
1721.09284	0.93541
1719.03903	0.93148
1716.98522	0.92682
1714.93141	0.92391
1712.8776	0.92438
1710.82379	0.92705
1708.76998	0.93062
1706.71617	0.9346
1704.66236	0.93886
1702.60855	0.94245
1700.55474	0.94526
1698.50093	0.9473
1696.44712	0.9502
1694.39331	0.95442
1692.3395	0.95759
1690.28569	0.95976
1688.23188	0.96155
1686.17807	0.96302
1684.12426	0.96435
1682.07045	0.96524
1680.01664	0.96568
1677.96283	0.96595
1675.90902	0.96635
1673.85521	0.96689
1671.8014	0.96729
1669.74759	0.96768
1667.69378	0.968
1665.63997	0.96808
1663.58616	0.96817
1661.53235	0.96827
1659.47854	0.96842
1657.42473	0.96858
1655.37092	0.96847
1653.31711	0.96795
1651.2633	0.96802
1649.20949	0.96843
1647.15568	0.9685
1645.10187	0.96824
1643.04806	0.96798
1640.99425	0.96793
1638.94044	0.96813
1636.88663	0.96821
1634.83282	0.9679
1632.77901	0.96773
1630.7252	0.96777
1628.67139	0.96784
1626.61758	0.96782
1624.56377	0.96761
1622.50996	0.96746
1620.45614	0.96773
1618.40233	0.96818
1616.34852	0.96837
1614.29471	0.9682
1612.2409	0.96797
1610.18709	0.96781
1608.13328	0.96783
1606.07947	0.96806
1604.02566	0.96833
1601.97185	0.96848
1599.91804	0.96868
1597.86423	0.96877
1595.81042	0.96852
1593.75661	0.96825
1591.7028	0.96824
1589.64899	0.96829
1587.59518	0.96825
1585.54137	0.96811
1583.48756	0.96789
1581.43375	0.96777
1579.37994	0.9679
1577.32613	0.96814
1575.27232	0.96808
1573.21851	0.96789
1571.1647	0.96792
1569.11089	0.96812
1567.05708	0.9684
1565.00327	0.9687
1562.94946	0.96884
1560.89565	0.96854
1558.84184	0.96783
1556.78803	0.96771
1554.73422	0.96792
1552.68041	0.9679
1550.6266	0.96767
1548.57279	0.96743
1546.51898	0.96748
1544.46517	0.96768
1542.41136	0.96773
1540.35755	0.96755
1538.30374	0.96763
1536.24993	0.96803
1534.19612	0.96842
1532.14231	0.96867
1530.0885	0.96873
1528.03469	0.9688
1525.98088	0.96896
1523.92707	0.96916
1521.87326	0.96908
1519.81945	0.969
1517.76564	0.9692
1515.71183	0.9693
1513.65802	0.96908
1511.60421	0.9687
1509.5504	0.96846
1507.49659	0.96837
1505.44278	0.96805
1503.38897	0.96748
1501.33516	0.967
1499.28135	0.96656
1497.22754	0.96613
1495.17373	0.96564
1493.11992	0.96515
1491.06611	0.96437
1489.0123	0.96302
1486.95849	0.96131
1484.90468	0.95922
1482.85087	0.95563
1480.79706	0.94807
1478.74325	0.92993
1476.68944	0.8828
1474.63563	0.79526
1472.58182	0.71922
1470.52801	0.72943
1468.4742	0.77754
1466.42039	0.80203
1464.36658	0.78589
1462.31277	0.77192
1460.25896	0.79821
1458.20515	0.85231
1456.15134	0.89803
1454.09753	0.91596
1452.04372	0.92445
1449.98991	0.93056
1447.9361	0.93475
1445.88229	0.93742
1443.82848	0.93909
1441.77467	0.94037
1439.72086	0.94161
1437.66705	0.94292
1435.61324	0.94436
1433.55943	0.94587
1431.50562	0.94767
1429.45181	0.94949
1427.398	0.95083
1425.34419	0.95178
1423.29038	0.95252
1421.23657	0.95276
1419.18276	0.95245
1417.12895	0.95182
1415.07514	0.95118
1413.02133	0.95046
1410.96752	0.95002
1408.91371	0.95037
1406.8599	0.95139
1404.80609	0.95292
1402.75228	0.95448
1400.69847	0.95575
1398.64466	0.95689
1396.59085	0.95788
1394.53704	0.95832
1392.48323	0.95839
1390.42942	0.95853
1388.37561	0.95867
1386.3218	0.95846
1384.26799	0.95778
1382.21418	0.9567
1380.16037	0.95534
1378.10656	0.95405
1376.05275	0.95288
1373.99894	0.95202
1371.94513	0.95152
1369.89132	0.95119
1367.83751	0.95125
1365.7837	0.95183
1363.72989	0.95266
1361.67608	0.95337
1359.62227	0.95381
1357.56846	0.95409
1355.51465	0.95425
1353.46084	0.95432
1351.40703	0.95448
1349.35322	0.95493
1347.29941	0.95565
1345.2456	0.95625
1343.19179	0.95673
1341.13798	0.95733
1339.08417	0.9581
1337.03036	0.95875
1334.97655	0.95896
1332.92274	0.95892
1330.86893	0.9589
1328.81512	0.95883
1326.7613	0.95861
1324.70749	0.95833
1322.65368	0.95802
1320.59987	0.95766
1318.54606	0.95725
1316.49225	0.95679
1314.43844	0.95632
1312.38463	0.95596
1310.33082	0.95558
1308.27701	0.9551
1306.2232	0.95468
1304.16939	0.9543
1302.11558	0.95393
1300.06177	0.95351
1298.00796	0.95309
1295.95415	0.95292
1293.90034	0.95298
1291.84653	0.95301
1289.79272	0.95305
1287.73891	0.95329
1285.6851	0.95369
1283.63129	0.95407
1281.57748	0.95426
1279.52367	0.95432
1277.46986	0.95428
1275.41605	0.95421
1273.36224	0.95428
1271.30843	0.95449
1269.25462	0.95472
1267.20081	0.9549
1265.147	0.955
1263.09319	0.95505
1261.03938	0.95503
1258.98557	0.9549
1256.93176	0.95477
1254.87795	0.95461
1252.82414	0.95434
1250.77033	0.95408
1248.71652	0.95397
1246.66271	0.95395
1244.6089	0.95402
1242.55509	0.95412
1240.50128	0.95402
1238.44747	0.95377
1236.39366	0.95361
1234.33985	0.95356
1232.28604	0.95364
1230.23223	0.95381
1228.17842	0.95386
1226.12461	0.95386
1224.0708	0.95375
1222.01699	0.95342
1219.96318	0.95328
1217.90937	0.95342
1215.85556	0.95346
1213.80175	0.95341
1211.74794	0.95345
1209.69413	0.95355
1207.64032	0.95361
1205.58651	0.95356
1203.5327	0.9533
1201.47889	0.95295
1199.42508	0.95282
1197.37127	0.9528
1195.31746	0.95247
1193.26365	0.95183
1191.20984	0.95137
1189.15603	0.95137
1187.10222	0.95143
1185.04841	0.95134
1182.9946	0.95103
1180.94079	0.9505
1178.88698	0.94994
1176.83317	0.94952
1174.77936	0.94942
1172.72555	0.9496
1170.67174	0.94992
1168.61793	0.95021
1166.56412	0.95027
1164.51031	0.95034
1162.4565	0.95068
1160.40269	0.95124
1158.34888	0.95193
1156.29507	0.95261
1154.24126	0.95322
1152.18745	0.95377
1150.13364	0.95432
1148.07983	0.95488
1146.02602	0.95532
1143.97221	0.95556
1141.9184	0.95564
1139.86459	0.95559
1137.81078	0.95556
1135.75697	0.95563
1133.70316	0.95552
1131.64935	0.9551
1129.59554	0.9547
1127.54173	0.95452
1125.48792	0.95459
1123.43411	0.95456
1121.3803	0.9541
1119.32649	0.95357
1117.27268	0.95332
1115.21887	0.95341
1113.16506	0.95367
1111.11125	0.95378
1109.05744	0.95366
1107.00363	0.95344
1104.94982	0.95324
1102.89601	0.95302
1100.8422	0.95287
1098.78839	0.95294
1096.73458	0.95309
1094.68077	0.95302
1092.62696	0.95282
1090.57315	0.95273
1088.51934	0.95268
1086.46553	0.95256
1084.41172	0.95227
1082.35791	0.95194
1080.3041	0.95185
1078.25029	0.95186
1076.19648	0.95198
1074.14267	0.95223
1072.08886	0.95235
1070.03505	0.9524
1067.98124	0.95249
1065.92743	0.95244
1063.87362	0.95241
1061.81981	0.95256
1059.766	0.95269
1057.71219	0.95276
1055.65838	0.95277
1053.60457	0.95259
1051.55076	0.95247
1049.49695	0.95274
1047.44314	0.95308
1045.38933	0.95321
1043.33552	0.95325
1041.28171	0.95325
1039.2279	0.95324
1037.17409	0.95325
1035.12028	0.9532
1033.06647	0.9532
1031.01265	0.95325
1028.95884	0.95325
1026.90503	0.95344
1024.85122	0.95366
1022.79741	0.95363
1020.7436	0.95368
1018.68979	0.95412
1016.63598	0.9546
1014.58217	0.95476
1012.52836	0.95475
1010.47455	0.95473
1008.42074	0.9546
1006.36693	0.95455
1004.31312	0.95472
1002.25931	0.9548
1000.2055	0.95492
998.15169	0.95515
996.09788	0.95507
994.04407	0.95482
991.99026	0.95484
989.93645	0.955
987.88264	0.95507
985.82883	0.95521
983.77502	0.95541
981.72121	0.95566
979.6674	0.95579
977.61359	0.95569
975.55978	0.9556
973.50597	0.95563
971.45216	0.95556
969.39835	0.95555
967.34454	0.95593
965.29073	0.95603
963.23692	0.95538
961.18311	0.95485
959.1293	0.95505
957.07549	0.9556
955.02168	0.95595
952.96787	0.95595
950.91406	0.95576
948.86025	0.95569
946.80644	0.95562
944.75263	0.95526
942.69882	0.955
940.64501	0.95529
938.5912	0.95567
936.53739	0.95567
934.48358	0.95554
932.42977	0.95561
930.37596	0.95571
928.32215	0.95565
926.26834	0.95562
924.21453	0.95556
922.16072	0.95552
920.10691	0.95572
918.0531	0.95587
915.99929	0.95545
913.94548	0.95446
911.89167	0.95355
909.83786	0.95321
907.78405	0.95374
905.73024	0.95488
903.67643	0.9558
901.62262	0.95643
899.56881	0.95701
897.515	0.95737
895.46119	0.95752
893.40738	0.9575
891.35357	0.95763
889.29976	0.95802
887.24595	0.95834
885.19214	0.95841
883.13833	0.95842
881.08452	0.9585
879.03071	0.95864
876.9769	0.95894
874.92309	0.95912
872.86928	0.95893
870.81547	0.95884
868.76166	0.95904
866.70785	0.95935
864.65404	0.95967
862.60023	0.95991
860.54642	0.96034
858.49261	0.9608
856.4388	0.96051
854.38499	0.95967
852.33118	0.95941
850.27737	0.95989
848.22356	0.96029
846.16975	0.96025
844.11594	0.95994
842.06213	0.95964
840.00832	0.95957
837.95451	0.95975
835.9007	0.96009
833.84689	0.96053
831.79308	0.96109
829.73927	0.9616
827.68546	0.96175
825.63165	0.96121
823.57784	0.9601
821.52403	0.95914
819.47022	0.95886
817.41641	0.95922
815.3626	0.95991
813.30879	0.96015
811.25498	0.95986
809.20117	0.95978
807.14736	0.9596
805.09355	0.95924
803.03974	0.95906
800.98593	0.95913
798.93212	0.95942
796.87831	0.95966
794.8245	0.95965
792.77069	0.95939
790.71688	0.95954
788.66307	0.9601
786.60926	0.96007
784.55545	0.95942
782.50164	0.95887
780.44783	0.95874
778.39402	0.95895
776.34021	0.959
774.2864	0.95863
772.23259	0.95845
770.17878	0.95882
768.12497	0.95907
766.07116	0.95856
764.01735	0.95789
761.96354	0.95783
759.90973	0.95805
757.85592	0.9577
755.80211	0.95684
753.7483	0.9562
751.69449	0.95597
749.64068	0.95591
747.58687	0.95547
745.53306	0.95425
743.47925	0.95238
741.42544	0.95013
739.37163	0.94648
737.31781	0.93715
735.264	0.91126
733.21019	0.8597
731.15638	0.8089
729.10257	0.80389
727.04876	0.83404
724.99495	0.84947
722.94114	0.82294
720.88733	0.75814
718.83352	0.69671
716.77971	0.68745
714.7259	0.73388
712.67209	0.80219
710.61828	0.85673
708.56447	0.88819
706.51066	0.90467
704.45685	0.91347
702.40304	0.91873
700.34923	0.92278
698.29542	0.92625
696.24161	0.92871
694.1878	0.92992
692.13399	0.93052
690.08018	0.93148
688.02637	0.93269
685.97256	0.93323
683.91875	0.93336
681.86494	0.93378
679.81113	0.93439
677.75732	0.9352
675.70351	0.93613
673.6497	0.93691
671.59589	0.93739
669.54208	0.93732
667.48827	0.93685
665.43446	0.9372
663.38065	0.9381
661.32684	0.93862
659.27303	0.9384
657.21922	0.93814
655.16541	0.9386
653.1116	0.93954
651.05779	0.94011
649.00398	0.93987
646.95017	0.9395
644.89636	0.93977
642.84255	0.94026
640.78874	0.9403
638.73493	0.94025
636.68112	0.94034
634.62731	0.94003
632.5735	0.93966
630.51969	0.93999
628.46588	0.94074
626.41207	0.941
624.35826	0.94108
622.30445	0.9416
620.25064	0.94191
618.19683	0.94195
616.14302	0.94195
614.08921	0.94199
612.0354	0.94243
609.98159	0.94265
607.92778	0.94248
605.87397	0.94224
603.82016	0.94188
601.76635	0.94186
599.71254	0.94236
597.65873	0.94299
595.60492	0.94346
593.55111	0.94347
591.4973	0.94284
589.44349	0.94232
587.38968	0.94244
585.33587	0.94256
583.28206	0.94211
581.22825	0.94125
579.17444	0.94078
577.12063	0.94108
575.06682	0.94205
573.01301	0.94243
570.9592	0.9414
568.90539	0.94046
566.85158	0.94036
564.79777	0.94033
562.74396	0.94051
560.69015	0.9414
558.63634	0.94187
556.58253	0.94086
554.52872	0.94024
552.47491	0.94004
550.4211	0.93879
548.36729	0.93854
546.31348	0.94003
544.25967	0.94081
542.20586	0.94063
540.15205	0.9415
538.09824	0.94277
536.04443	0.94241
533.99062	0.94172
531.93681	0.94195
529.883	0.94215
527.82919	0.94206
525.77538	0.94168
523.72157	0.94107
521.66776	0.94137
519.61395	0.94225
517.56014	0.9424
515.50633	0.94312
513.45252	0.94457
511.39871	0.94462
509.3449	0.94316
507.29109	0.94155
505.23728	0.94101
503.18347	0.94214
501.12966	0.94368
499.07585	0.9442
497.02204	0.94419
494.96823	0.94428
492.91442	0.9445
490.86061	0.94526
488.8068	0.94639
486.75299	0.94641
484.69918	0.94527
482.64537	0.94426
480.59156	0.9437
478.53775	0.94369
476.48394	0.94396
474.43013	0.94431
472.37632	0.94483
470.32251	0.94444
468.2687	0.94395
466.21489	0.94506
464.16108	0.94564
462.10727	0.94444
460.05346	0.94272
457.99965	0.94168
455.94584	0.94344
453.89203	0.94676
451.83822	0.94896
449.78441	0.94892
447.7306	0.94674
445.67679	0.94403
443.62298	0.94194
441.56916	0.93977
439.51535	0.93663
437.46154	0.93535
435.40773	0.93866
433.35392	0.94184
431.30011	0.94105
429.2463	0.93961
427.19249	0.94053
425.13868	0.94266
423.08487	0.94413
421.03106	0.94571
418.97725	0.9459
416.92344	0.94358
414.86963	0.94349
412.81582	0.94407
410.76201	0.94427
408.7082	0.94683
406.65439	0.94956
404.60058	0.94897
402.54677	0.94737
400.49296	0.94661
398.43915	0.94366
KMeans Clustering	0.0
Spectral Clustering	4.0
Agglomerative Clustering	3.0
