Numero de onda	Muestra 327
3996.7144	0.97667
3994.66059	0.97701
3992.60678	0.97727
3990.55297	0.97745
3988.49916	0.9775
3986.44535	0.97724
3984.39154	0.97702
3982.33773	0.97714
3980.28391	0.97761
3978.2301	0.97816
3976.17629	0.97834
3974.12248	0.97814
3972.06867	0.97784
3970.01486	0.97743
3967.96105	0.977
3965.90724	0.97696
3963.85343	0.97734
3961.79962	0.97768
3959.74581	0.97779
3957.692	0.97764
3955.63819	0.9774
3953.58438	0.97746
3951.53057	0.97769
3949.47676	0.97756
3947.42295	0.97721
3945.36914	0.97717
3943.31533	0.97721
3941.26152	0.97711
3939.20771	0.97724
3937.1539	0.97743
3935.10009	0.97729
3933.04628	0.97695
3930.99247	0.97668
3928.93866	0.97682
3926.88485	0.97722
3924.83104	0.97728
3922.77723	0.9772
3920.72342	0.97736
3918.66961	0.97747
3916.6158	0.97719
3914.56199	0.97678
3912.50818	0.97672
3910.45437	0.97686
3908.40056	0.97708
3906.34675	0.97721
3904.29294	0.97718
3902.23913	0.97725
3900.18532	0.97727
3898.13151	0.97727
3896.0777	0.97755
3894.02389	0.97783
3891.97008	0.97766
3889.91627	0.97745
3887.86246	0.97767
3885.80865	0.97795
3883.75484	0.97802
3881.70103	0.97789
3879.64722	0.97757
3877.59341	0.97726
3875.5396	0.97715
3873.48579	0.9772
3871.43198	0.97721
3869.37817	0.97718
3867.32436	0.97741
3865.27055	0.9778
3863.21674	0.97797
3861.16293	0.97783
3859.10912	0.97793
3857.05531	0.97819
3855.0015	0.97793
3852.94769	0.97699
3850.89388	0.97696
3848.84007	0.97769
3846.78626	0.97803
3844.73245	0.97783
3842.67864	0.97778
3840.62483	0.97804
3838.57102	0.97796
3836.51721	0.97741
3834.4634	0.97715
3832.40959	0.9774
3830.35578	0.97782
3828.30197	0.97814
3826.24816	0.97824
3824.19435	0.97804
3822.14054	0.97794
3820.08673	0.97845
3818.03292	0.97876
3815.97911	0.97824
3813.9253	0.97772
3811.87149	0.97779
3809.81768	0.97802
3807.76387	0.97794
3805.71006	0.97745
3803.65625	0.97701
3801.60244	0.97711
3799.54863	0.97764
3797.49482	0.97778
3795.44101	0.9774
3793.3872	0.97729
3791.33339	0.97778
3789.27958	0.9784
3787.22577	0.97866
3785.17196	0.97853
3783.11815	0.97849
3781.06434	0.97868
3779.01053	0.97863
3776.95672	0.97819
3774.90291	0.97787
3772.8491	0.97784
3770.79529	0.9779
3768.74148	0.97814
3766.68767	0.97842
3764.63386	0.97842
3762.58005	0.97839
3760.52624	0.97847
3758.47243	0.97862
3756.41862	0.97894
3754.36481	0.9792
3752.311	0.97891
3750.25719	0.97816
3748.20338	0.97818
3746.14957	0.97834
3744.09576	0.97752
3742.04195	0.97717
3739.98814	0.97775
3737.93433	0.97822
3735.88052	0.97829
3733.82671	0.97844
3731.7729	0.97872
3729.71909	0.97877
3727.66528	0.97865
3725.61147	0.97851
3723.55766	0.97847
3721.50385	0.97841
3719.45004	0.97834
3717.39623	0.97833
3715.34242	0.97816
3713.28861	0.97763
3711.2348	0.97667
3709.18099	0.97577
3707.12718	0.97534
3705.07337	0.97515
3703.01956	0.97495
3700.96575	0.97432
3698.91194	0.97331
3696.85813	0.97271
3694.80432	0.97291
3692.75051	0.97339
3690.6967	0.97336
3688.64289	0.97279
3686.58907	0.97285
3684.53526	0.97359
3682.48145	0.9741
3680.42764	0.9741
3678.37383	0.97383
3676.32002	0.97325
3674.26621	0.97282
3672.2124	0.97311
3670.15859	0.97316
3668.10478	0.97269
3666.05097	0.97258
3663.99716	0.97262
3661.94335	0.97254
3659.88954	0.97259
3657.83573	0.97273
3655.78192	0.9725
3653.72811	0.97212
3651.6743	0.97181
3649.62049	0.97093
3647.56668	0.97007
3645.51287	0.96996
3643.45906	0.96994
3641.40525	0.96974
3639.35144	0.96953
3637.29763	0.96947
3635.24382	0.96918
3633.19001	0.96849
3631.1362	0.96788
3629.08239	0.96746
3627.02858	0.96707
3624.97477	0.96695
3622.92096	0.96706
3620.86715	0.96714
3618.81334	0.96692
3616.75953	0.96673
3614.70572	0.96674
3612.65191	0.96679
3610.5981	0.96684
3608.54429	0.96677
3606.49048	0.96666
3604.43667	0.96689
3602.38286	0.96731
3600.32905	0.96741
3598.27524	0.96719
3596.22143	0.96712
3594.16762	0.96727
3592.11381	0.96713
3590.06	0.9666
3588.00619	0.96612
3585.95238	0.96598
3583.89857	0.96595
3581.84476	0.96593
3579.79095	0.96596
3577.73714	0.96601
3575.68333	0.96576
3573.62952	0.96507
3571.57571	0.96463
3569.5219	0.96469
3567.46809	0.96462
3565.41428	0.96441
3563.36047	0.96455
3561.30666	0.96481
3559.25285	0.96472
3557.19904	0.96418
3555.14523	0.96376
3553.09142	0.96366
3551.03761	0.96344
3548.9838	0.96315
3546.92999	0.96296
3544.87618	0.96256
3542.82237	0.96228
3540.76856	0.96242
3538.71475	0.96249
3536.66094	0.96236
3534.60713	0.96206
3532.55332	0.96159
3530.49951	0.96133
3528.4457	0.96125
3526.39189	0.96098
3524.33808	0.96066
3522.28427	0.96043
3520.23046	0.96021
3518.17665	0.96
3516.12284	0.95983
3514.06903	0.95971
3512.01522	0.95964
3509.96141	0.9594
3507.9076	0.95891
3505.85379	0.95857
3503.79998	0.9586
3501.74617	0.9586
3499.69236	0.95824
3497.63855	0.95774
3495.58474	0.95731
3493.53093	0.9571
3491.47712	0.95706
3489.42331	0.95699
3487.3695	0.95692
3485.31569	0.95702
3483.26188	0.95708
3481.20807	0.9568
3479.15426	0.9562
3477.10045	0.95562
3475.04664	0.95519
3472.99283	0.95489
3470.93902	0.95459
3468.88521	0.95433
3466.8314	0.95434
3464.77759	0.95438
3462.72378	0.95419
3460.66997	0.95395
3458.61616	0.95368
3456.56235	0.95322
3454.50854	0.95289
3452.45473	0.95281
3450.40092	0.95268
3448.34711	0.95261
3446.2933	0.95276
3444.23949	0.95287
3442.18568	0.95279
3440.13187	0.95254
3438.07806	0.95221
3436.02425	0.95198
3433.97044	0.95186
3431.91663	0.95167
3429.86282	0.95139
3427.80901	0.95111
3425.7552	0.95089
3423.70139	0.95086
3421.64758	0.95089
3419.59377	0.9507
3417.53996	0.95029
3415.48615	0.94991
3413.43234	0.94973
3411.37853	0.94944
3409.32472	0.94911
3407.27091	0.94918
3405.2171	0.94944
3403.16329	0.94928
3401.10948	0.94858
3399.05567	0.94799
3397.00186	0.94787
3394.94805	0.94787
3392.89424	0.94778
3390.84042	0.94767
3388.78661	0.94768
3386.7328	0.94782
3384.67899	0.94774
3382.62518	0.94734
3380.57137	0.94708
3378.51756	0.94716
3376.46375	0.94715
3374.40994	0.94695
3372.35613	0.94683
3370.30232	0.94682
3368.24851	0.94669
3366.1947	0.94637
3364.14089	0.94603
3362.08708	0.94581
3360.03327	0.94577
3357.97946	0.94572
3355.92565	0.94551
3353.87184	0.94519
3351.81803	0.945
3349.76422	0.94511
3347.71041	0.94516
3345.6566	0.94488
3343.60279	0.94459
3341.54898	0.94468
3339.49517	0.94504
3337.44136	0.94513
3335.38755	0.94482
3333.33374	0.9444
3331.27993	0.94387
3329.22612	0.94332
3327.17231	0.94321
3325.1185	0.94346
3323.06469	0.94377
3321.01088	0.94401
3318.95707	0.94398
3316.90326	0.94371
3314.84945	0.94343
3312.79564	0.94314
3310.74183	0.94284
3308.68802	0.94282
3306.63421	0.94304
3304.5804	0.94283
3302.52659	0.94224
3300.47278	0.9419
3298.41897	0.94174
3296.36516	0.94153
3294.31135	0.94157
3292.25754	0.9419
3290.20373	0.94195
3288.14992	0.94177
3286.09611	0.94187
3284.0423	0.94219
3281.98849	0.94216
3279.93468	0.94182
3277.88087	0.94165
3275.82706	0.94166
3273.77325	0.94165
3271.71944	0.94173
3269.66563	0.94202
3267.61182	0.94254
3265.55801	0.94314
3263.5042	0.94349
3261.45039	0.94366
3259.39658	0.94378
3257.34277	0.94381
3255.28896	0.94389
3253.23515	0.94407
3251.18134	0.94423
3249.12753	0.94443
3247.07372	0.94482
3245.01991	0.94523
3242.9661	0.94545
3240.91229	0.94568
3238.85848	0.9459
3236.80467	0.94601
3234.75086	0.94616
3232.69705	0.94641
3230.64324	0.9466
3228.58943	0.94668
3226.53562	0.94665
3224.48181	0.94662
3222.428	0.9467
3220.37419	0.94684
3218.32038	0.94688
3216.26657	0.94678
3214.21276	0.94697
3212.15895	0.94741
3210.10514	0.94754
3208.05133	0.94755
3205.99752	0.94778
3203.94371	0.94816
3201.8899	0.94859
3199.83609	0.94882
3197.78228	0.94879
3195.72847	0.94882
3193.67466	0.94908
3191.62085	0.94939
3189.56704	0.94956
3187.51323	0.94978
3185.45942	0.95013
3183.40561	0.95037
3181.3518	0.95055
3179.29799	0.95077
3177.24418	0.95101
3175.19037	0.95112
3173.13656	0.95096
3171.08275	0.95077
3169.02894	0.95102
3166.97513	0.95166
3164.92132	0.95219
3162.86751	0.95253
3160.8137	0.95276
3158.75989	0.95288
3156.70608	0.95304
3154.65227	0.95332
3152.59846	0.95351
3150.54465	0.95367
3148.49084	0.95402
3146.43703	0.95429
3144.38322	0.95427
3142.32941	0.95434
3140.2756	0.95452
3138.22179	0.95464
3136.16798	0.95497
3134.11417	0.95522
3132.06036	0.95515
3130.00655	0.95516
3127.95274	0.95547
3125.89893	0.95601
3123.84512	0.95648
3121.79131	0.95662
3119.7375	0.95661
3117.68369	0.95663
3115.62988	0.95653
3113.57607	0.95641
3111.52226	0.95648
3109.46845	0.9566
3107.41464	0.95672
3105.36083	0.95696
3103.30702	0.95719
3101.25321	0.95728
3099.1994	0.95726
3097.14559	0.95721
3095.09177	0.95718
3093.03796	0.9572
3090.98415	0.95726
3088.93034	0.95727
3086.87653	0.95735
3084.82272	0.95753
3082.76891	0.95767
3080.7151	0.95768
3078.66129	0.9575
3076.60748	0.95731
3074.55367	0.95745
3072.49986	0.9578
3070.44605	0.958
3068.39224	0.95802
3066.33843	0.95802
3064.28462	0.95811
3062.23081	0.95821
3060.177	0.95817
3058.12319	0.95807
3056.06938	0.95808
3054.01557	0.95825
3051.96176	0.95851
3049.90795	0.95864
3047.85414	0.95868
3045.80033	0.95882
3043.74652	0.95906
3041.69271	0.95929
3039.6389	0.95944
3037.58509	0.95962
3035.53128	0.9598
3033.47747	0.95992
3031.42366	0.96009
3029.36985	0.96033
3027.31604	0.96037
3025.26223	0.9601
3023.20842	0.95982
3021.15461	0.95984
3019.1008	0.96001
3017.04699	0.96001
3014.99318	0.95978
3012.93937	0.95938
3010.88556	0.95881
3008.83175	0.95834
3006.77794	0.95822
3004.72413	0.95834
3002.67032	0.95846
3000.61651	0.95834
2998.5627	0.9581
2996.50889	0.95801
2994.45508	0.95796
2992.40127	0.95777
2990.34746	0.95726
2988.29365	0.95627
2986.23984	0.95491
2984.18603	0.95329
2982.13222	0.95127
2980.07841	0.94884
2978.0246	0.94594
2975.97079	0.94245
2973.91698	0.93829
2971.86317	0.93309
2969.80936	0.92656
2967.75555	0.91867
2965.70174	0.90956
2963.64793	0.89991
2961.59412	0.891
2959.54031	0.88386
2957.4865	0.8785
2955.43269	0.87438
2953.37888	0.87112
2951.32507	0.869
2949.27126	0.86909
2947.21745	0.87254
2945.16364	0.87894
2943.10983	0.88568
2941.05602	0.8897
2939.00221	0.88973
2936.9484	0.88633
2934.89459	0.88009
2932.84078	0.87117
2930.78697	0.86046
2928.73316	0.84915
2926.67935	0.83817
2924.62554	0.82813
2922.57173	0.81937
2920.51792	0.81234
2918.46411	0.80806
2916.4103	0.80824
2914.35649	0.81388
2912.30268	0.8235
2910.24887	0.83383
2908.19506	0.84274
2906.14125	0.85052
2904.08744	0.85786
2902.03363	0.86475
2899.97982	0.87126
2897.92601	0.87757
2895.8722	0.88354
2893.81839	0.88867
2891.76458	0.89263
2889.71077	0.89545
2887.65696	0.89724
2885.60315	0.89818
2883.54934	0.89827
2881.49553	0.89716
2879.44172	0.89511
2877.38791	0.89312
2875.3341	0.89189
2873.28029	0.89129
2871.22648	0.89073
2869.17267	0.88974
2867.11886	0.88902
2865.06505	0.89016
2863.01124	0.89325
2860.95743	0.8965
2858.90362	0.89811
2856.84981	0.89725
2854.796	0.89416
2852.74219	0.8901
2850.68838	0.8872
2848.63457	0.88787
2846.58076	0.89207
2844.52695	0.89643
2842.47314	0.89799
2840.41933	0.89706
2838.36552	0.89612
2836.31171	0.89795
2834.2579	0.90401
2832.20409	0.91298
2830.15028	0.92209
2828.09647	0.92955
2826.04266	0.9351
2823.98885	0.93907
2821.93504	0.94181
2819.88123	0.94383
2817.82742	0.94552
2815.77361	0.9469
2813.7198	0.94807
2811.66599	0.94926
2809.61218	0.95044
2807.55837	0.95138
2805.50456	0.95213
2803.45075	0.95289
2801.39693	0.95365
2799.34312	0.95435
2797.28931	0.95504
2795.2355	0.95562
2793.18169	0.95614
2791.12788	0.95668
2789.07407	0.95722
2787.02026	0.95783
2784.96645	0.95833
2782.91264	0.95858
2780.85883	0.95883
2778.80502	0.95927
2776.75121	0.95975
2774.6974	0.95996
2772.64359	0.95996
2770.58978	0.96012
2768.53597	0.96054
2766.48216	0.96092
2764.42835	0.96115
2762.37454	0.96143
2760.32073	0.96171
2758.26692	0.9618
2756.21311	0.96177
2754.1593	0.96184
2752.10549	0.96207
2750.05168	0.96232
2747.99787	0.96232
2745.94406	0.96207
2743.89025	0.9619
2741.83644	0.96198
2739.78263	0.96208
2737.72882	0.96207
2735.67501	0.962
2733.6212	0.96206
2731.56739	0.96224
2729.51358	0.96222
2727.45977	0.96192
2725.40596	0.96162
2723.35215	0.96158
2721.29834	0.9618
2719.24453	0.96195
2717.19072	0.96207
2715.13691	0.96245
2713.0831	0.96289
2711.02929	0.96312
2708.97548	0.96326
2706.92167	0.96338
2704.86786	0.96346
2702.81405	0.96371
2700.76024	0.96412
2698.70643	0.96438
2696.65262	0.96442
2694.59881	0.96438
2692.545	0.96438
2690.49119	0.96442
2688.43738	0.96445
2686.38357	0.9644
2684.32976	0.96432
2682.27595	0.96438
2680.22214	0.96451
2678.16833	0.96444
2676.11452	0.96446
2674.06071	0.96471
2672.0069	0.96478
2669.95309	0.96463
2667.89928	0.96452
2665.84547	0.96452
2663.79166	0.96469
2661.73785	0.96487
2659.68404	0.96484
2657.63023	0.96481
2655.57642	0.96495
2653.52261	0.96518
2651.4688	0.9653
2649.41499	0.96533
2647.36118	0.96529
2645.30737	0.96517
2643.25356	0.96521
2641.19975	0.96542
2639.14594	0.9656
2637.09213	0.96564
2635.03832	0.96555
2632.98451	0.96556
2630.9307	0.96578
2628.87689	0.96597
2626.82308	0.96599
2624.76927	0.96588
2622.71546	0.96577
2620.66165	0.96597
2618.60784	0.96653
2616.55403	0.96687
2614.50022	0.96667
2612.44641	0.96663
2610.3926	0.96713
2608.33879	0.96741
2606.28498	0.96726
2604.23117	0.9672
2602.17736	0.96733
2600.12355	0.96751
2598.06974	0.96768
2596.01593	0.96773
2593.96212	0.96763
2591.90831	0.96759
2589.8545	0.96756
2587.80069	0.9673
2585.74688	0.96709
2583.69307	0.96737
2581.63926	0.96787
2579.58545	0.96821
2577.53164	0.96853
2575.47783	0.96885
2573.42402	0.96888
2571.37021	0.96881
2569.3164	0.96879
2567.26259	0.96861
2565.20878	0.96835
2563.15497	0.96821
2561.10116	0.96819
2559.04735	0.96821
2556.99354	0.96832
2554.93973	0.96844
2552.88592	0.9685
2550.83211	0.96855
2548.7783	0.96855
2546.72449	0.96856
2544.67068	0.96859
2542.61687	0.96857
2540.56306	0.96852
2538.50925	0.96853
2536.45544	0.96865
2534.40163	0.96885
2532.34782	0.96901
2530.29401	0.96915
2528.2402	0.9693
2526.18639	0.96927
2524.13258	0.96909
2522.07877	0.96905
2520.02496	0.9692
2517.97115	0.9694
2515.91734	0.96975
2513.86353	0.97
2511.80972	0.96996
2509.75591	0.96976
2507.7021	0.96948
2505.64828	0.96928
2503.59447	0.96939
2501.54066	0.96969
2499.48685	0.96988
2497.43304	0.97011
2495.37923	0.97042
2493.32542	0.97054
2491.27161	0.97058
2489.2178	0.97053
2487.16399	0.97038
2485.11018	0.97042
2483.05637	0.97055
2481.00256	0.97079
2478.94875	0.97108
2476.89494	0.97116
2474.84113	0.97129
2472.78732	0.97157
2470.73351	0.97159
2468.6797	0.97142
2466.62589	0.97141
2464.57208	0.9715
2462.51827	0.97158
2460.46446	0.97156
2458.41065	0.97132
2456.35684	0.97107
2454.30303	0.97107
2452.24922	0.97137
2450.19541	0.97165
2448.1416	0.97178
2446.08779	0.97192
2444.03398	0.97193
2441.98017	0.97191
2439.92636	0.97209
2437.87255	0.97247
2435.81874	0.97275
2433.76493	0.9725
2431.71112	0.97203
2429.65731	0.97186
2427.6035	0.97194
2425.54969	0.97212
2423.49588	0.97229
2421.44207	0.97238
2419.38826	0.97231
2417.33445	0.97215
2415.28064	0.9722
2413.22683	0.97241
2411.17302	0.9725
2409.11921	0.97244
2407.0654	0.97251
2405.01159	0.97266
2402.95778	0.97268
2400.90397	0.97278
2398.85016	0.97293
2396.79635	0.97286
2394.74254	0.97261
2392.68873	0.97246
2390.63492	0.97259
2388.58111	0.97302
2386.5273	0.97353
2384.47349	0.97367
2382.41968	0.97343
2380.36587	0.97319
2378.31206	0.97302
2376.25825	0.97255
2374.20444	0.97199
2372.15063	0.97231
2370.09682	0.97354
2368.04301	0.97401
2365.9892	0.97356
2363.93539	0.97381
2361.88158	0.9744
2359.82777	0.97436
2357.77396	0.97407
2355.72015	0.97367
2353.66634	0.9734
2351.61253	0.97352
2349.55872	0.97338
2347.50491	0.97297
2345.4511	0.97287
2343.39729	0.97306
2341.34348	0.97308
2339.28967	0.97266
2337.23586	0.97193
2335.18205	0.97187
2333.12824	0.97263
2331.07443	0.97321
2329.02062	0.97292
2326.96681	0.9719
2324.913	0.97109
2322.85919	0.97121
2320.80538	0.97171
2318.75157	0.9721
2316.69776	0.97261
2314.64395	0.97303
2312.59014	0.97324
2310.53633	0.97365
2308.48252	0.97395
2306.42871	0.97366
2304.3749	0.97323
2302.32109	0.97315
2300.26728	0.97315
2298.21347	0.97276
2296.15966	0.97228
2294.10585	0.97228
2292.05204	0.97267
2289.99823	0.97287
2287.94442	0.97272
2285.89061	0.9727
2283.8368	0.97323
2281.78299	0.97401
2279.72918	0.97414
2277.67537	0.97362
2275.62156	0.97355
2273.56775	0.97445
2271.51394	0.97564
2269.46013	0.97614
2267.40632	0.97566
2265.35251	0.97506
2263.2987	0.97476
2261.24489	0.97491
2259.19108	0.97578
2257.13727	0.97631
2255.08346	0.97543
2253.02965	0.97386
2250.97584	0.97302
2248.92203	0.97338
2246.86822	0.97444
2244.81441	0.97526
2242.7606	0.97534
2240.70679	0.97565
2238.65298	0.97597
2236.59917	0.97496
2234.54536	0.97342
2232.49155	0.97309
2230.43774	0.97392
2228.38393	0.97462
2226.33012	0.97506
2224.27631	0.97563
2222.2225	0.97537
2220.16869	0.97461
2218.11488	0.97457
2216.06107	0.97493
2214.00726	0.97551
2211.95344	0.97621
2209.89963	0.97623
2207.84582	0.97572
2205.79201	0.97557
2203.7382	0.97574
2201.68439	0.97614
2199.63058	0.97672
2197.57677	0.97692
2195.52296	0.97653
2193.46915	0.9758
2191.41534	0.97531
2189.36153	0.97526
2187.30772	0.9758
2185.25391	0.9764
2183.2001	0.9764
2181.14629	0.97692
2179.09248	0.97728
2177.03867	0.976
2174.98486	0.97442
2172.93105	0.9739
2170.87724	0.97415
2168.82343	0.97481
2166.76962	0.97544
2164.71581	0.97552
2162.662	0.97555
2160.60819	0.97667
2158.55438	0.97874
2156.50057	0.9806
2154.44676	0.98176
2152.39295	0.98173
2150.33914	0.9805
2148.28533	0.97924
2146.23152	0.97885
2144.17771	0.9789
2142.1239	0.97829
2140.07009	0.97667
2138.01628	0.97558
2135.96247	0.97657
2133.90866	0.97819
2131.85485	0.97838
2129.80104	0.97764
2127.74723	0.97718
2125.69342	0.97676
2123.63961	0.97629
2121.5858	0.9768
2119.53199	0.97742
2117.47818	0.97662
2115.42437	0.97574
2113.37056	0.97599
2111.31675	0.97623
2109.26294	0.97573
2107.20913	0.97534
2105.15532	0.97507
2103.10151	0.97456
2101.0477	0.97466
2098.99389	0.97551
2096.94008	0.97599
2094.88627	0.97586
2092.83246	0.97601
2090.77865	0.97645
2088.72484	0.97639
2086.67103	0.97568
2084.61722	0.97516
2082.56341	0.97541
2080.5096	0.97594
2078.45579	0.97635
2076.40198	0.97649
2074.34817	0.97617
2072.29436	0.97581
2070.24055	0.97585
2068.18674	0.97592
2066.13293	0.97559
2064.07912	0.97538
2062.02531	0.97589
2059.9715	0.97667
2057.91769	0.97692
2055.86388	0.97686
2053.81007	0.97711
2051.75626	0.97708
2049.70245	0.97639
2047.64864	0.97632
2045.59483	0.97658
2043.54102	0.9761
2041.48721	0.97605
2039.4334	0.97688
2037.37959	0.97763
2035.32578	0.97757
2033.27197	0.97727
2031.21816	0.97825
2029.16435	0.97994
2027.11054	0.98091
2025.05673	0.98051
2023.00292	0.97817
2020.94911	0.97636
2018.8953	0.97709
2016.84149	0.97723
2014.78768	0.97611
2012.73387	0.97666
2010.68006	0.97781
2008.62625	0.97772
2006.57244	0.97706
2004.51863	0.97595
2002.46482	0.97474
2000.41101	0.97454
1998.3572	0.97509
1996.30339	0.97561
1994.24958	0.97599
1992.19577	0.97653
1990.14196	0.97698
1988.08815	0.97623
1986.03434	0.97468
1983.98053	0.97434
1981.92672	0.97499
1979.87291	0.97486
1977.8191	0.9745
1975.76529	0.975
1973.71148	0.97602
1971.65767	0.9776
1969.60386	0.97896
1967.55005	0.97872
1965.49624	0.97762
1963.44243	0.97763
1961.38862	0.97836
1959.33481	0.97799
1957.281	0.97677
1955.22719	0.97594
1953.17338	0.97584
1951.11957	0.97607
1949.06576	0.97615
1947.01195	0.9761
1944.95814	0.97627
1942.90433	0.97683
1940.85052	0.97694
1938.79671	0.97628
1936.7429	0.97628
1934.68909	0.9773
1932.63528	0.97776
1930.58147	0.97744
1928.52766	0.97737
1926.47385	0.97766
1924.42004	0.97775
1922.36623	0.97716
1920.31242	0.97631
1918.25861	0.97593
1916.20479	0.97597
1914.15098	0.97591
1912.09717	0.97566
1910.04336	0.97559
1907.98955	0.97562
1905.93574	0.97556
1903.88193	0.97558
1901.82812	0.97592
1899.77431	0.97647
1897.7205	0.97679
1895.66669	0.97669
1893.61288	0.97626
1891.55907	0.97573
1889.50526	0.9757
1887.45145	0.97634
1885.39764	0.97657
1883.34383	0.97628
1881.29002	0.97639
1879.23621	0.97648
1877.1824	0.97602
1875.12859	0.97587
1873.07478	0.97623
1871.02097	0.97621
1868.96716	0.97596
1866.91335	0.97621
1864.85954	0.97664
1862.80573	0.97689
1860.75192	0.97689
1858.69811	0.97681
1856.6443	0.97677
1854.59049	0.97666
1852.53668	0.97653
1850.48287	0.97663
1848.42906	0.9768
1846.37525	0.9767
1844.32144	0.97633
1842.26763	0.97605
1840.21382	0.9762
1838.16001	0.97652
1836.1062	0.97648
1834.05239	0.97614
1831.99858	0.97592
1829.94477	0.97589
1827.89096	0.97602
1825.83715	0.97605
1823.78334	0.97571
1821.72953	0.97551
1819.67572	0.97568
1817.62191	0.9759
1815.5681	0.97605
1813.51429	0.97601
1811.46048	0.97569
1809.40667	0.97537
1807.35286	0.97516
1805.29905	0.97495
1803.24524	0.97486
1801.19143	0.97453
1799.13762	0.97394
1797.08381	0.97366
1795.03	0.97373
1792.97619	0.9737
1790.92238	0.97316
1788.86857	0.97266
1786.81476	0.9725
1784.76095	0.97241
1782.70714	0.97238
1780.65333	0.97249
1778.59952	0.97255
1776.54571	0.97269
1774.4919	0.9732
1772.43809	0.97386
1770.38428	0.97395
1768.33047	0.97357
1766.27666	0.97315
1764.22285	0.97276
1762.16904	0.97239
1760.11523	0.97209
1758.06142	0.97158
1756.00761	0.97042
1753.9538	0.96905
1751.89999	0.96766
1749.84618	0.96563
1747.79237	0.96306
1745.73856	0.96058
1743.68475	0.95842
1741.63094	0.95685
1739.57713	0.95594
1737.52332	0.95582
1735.46951	0.95663
1733.4157	0.95801
1731.36189	0.95905
1729.30808	0.95963
1727.25427	0.95981
1725.20046	0.95963
1723.14665	0.95923
1721.09284	0.95871
1719.03903	0.95787
1716.98522	0.95658
1714.93141	0.95518
1712.8776	0.95403
1710.82379	0.95324
1708.76998	0.95293
1706.71617	0.95295
1704.66236	0.95295
1702.60855	0.95271
1700.55474	0.95196
1698.50093	0.95069
1696.44712	0.94913
1694.39331	0.94736
1692.3395	0.94602
1690.28569	0.94469
1688.23188	0.94313
1686.17807	0.94146
1684.12426	0.93877
1682.07045	0.936
1680.01664	0.93425
1677.96283	0.9326
1675.90902	0.93041
1673.85521	0.92804
1671.8014	0.92621
1669.74759	0.92422
1667.69378	0.92202
1665.63997	0.9202
1663.58616	0.91827
1661.53235	0.91616
1659.47854	0.91435
1657.42473	0.91289
1655.37092	0.91155
1653.31711	0.9099
1651.2633	0.90871
1649.20949	0.90831
1647.15568	0.90795
1645.10187	0.90788
1643.04806	0.90834
1640.99425	0.9089
1638.94044	0.90926
1636.88663	0.90951
1634.83282	0.90991
1632.77901	0.91029
1630.7252	0.91055
1628.67139	0.91099
1626.61758	0.91177
1624.56377	0.91258
1622.50996	0.91349
1620.45614	0.91461
1618.40233	0.91575
1616.34852	0.91696
1614.29471	0.91808
1612.2409	0.91914
1610.18709	0.92028
1608.13328	0.92138
1606.07947	0.92228
1604.02566	0.92298
1601.97185	0.92357
1599.91804	0.92397
1597.86423	0.92401
1595.81042	0.92383
1593.75661	0.92353
1591.7028	0.92299
1589.64899	0.92219
1587.59518	0.921
1585.54137	0.91917
1583.48756	0.91644
1581.43375	0.91313
1579.37994	0.91007
1577.32613	0.9078
1575.27232	0.90691
1573.21851	0.90747
1571.1647	0.90873
1569.11089	0.91056
1567.05708	0.912
1565.00327	0.9125
1562.94946	0.9124
1560.89565	0.91178
1558.84184	0.90957
1556.78803	0.90662
1554.73422	0.90434
1552.68041	0.90156
1550.6266	0.89786
1548.57279	0.89354
1546.51898	0.88897
1544.46517	0.88335
1542.41136	0.87698
1540.35755	0.87086
1538.30374	0.8676
1536.24993	0.86757
1534.19612	0.86832
1532.14231	0.8688
1530.0885	0.86868
1528.03469	0.86781
1525.98088	0.86628
1523.92707	0.86481
1521.87326	0.86311
1519.81945	0.86109
1517.76564	0.85927
1515.71183	0.85765
1513.65802	0.85654
1511.60421	0.85576
1509.5504	0.85482
1507.49659	0.85288
1505.44278	0.85077
1503.38897	0.85035
1501.33516	0.84994
1499.28135	0.84858
1497.22754	0.84645
1495.17373	0.84454
1493.11992	0.84328
1491.06611	0.84159
1489.0123	0.83886
1486.95849	0.83619
1484.90468	0.83401
1482.85087	0.83147
1480.79706	0.82827
1478.74325	0.82504
1476.68944	0.82154
1474.63563	0.81687
1472.58182	0.81042
1470.52801	0.80411
1468.4742	0.79927
1466.42039	0.79399
1464.36658	0.78806
1462.31277	0.78422
1460.25896	0.78238
1458.20515	0.78034
1456.15134	0.7782
1454.09753	0.77865
1452.04372	0.78135
1449.98991	0.78645
1447.9361	0.79492
1445.88229	0.80534
1443.82848	0.81458
1441.77467	0.82134
1439.72086	0.82549
1437.66705	0.82766
1435.61324	0.82939
1433.55943	0.83272
1431.50562	0.83744
1429.45181	0.84202
1427.398	0.84522
1425.34419	0.84732
1423.29038	0.84866
1421.23657	0.84943
1419.18276	0.85042
1417.12895	0.85257
1415.07514	0.85565
1413.02133	0.85937
1410.96752	0.8637
1408.91371	0.86814
1406.8599	0.87229
1404.80609	0.87642
1402.75228	0.88054
1400.69847	0.88434
1398.64466	0.88786
1396.59085	0.89086
1394.53704	0.89362
1392.48323	0.8961
1390.42942	0.89784
1388.37561	0.89845
1386.3218	0.89661
1384.26799	0.89055
1382.21418	0.87789
1380.16037	0.85691
1378.10656	0.83356
1376.05275	0.82165
1373.99894	0.83085
1371.94513	0.85295
1369.89132	0.87298
1367.83751	0.88649
1365.7837	0.89384
1363.72989	0.89709
1361.67608	0.89791
1359.62227	0.89801
1357.56846	0.89938
1355.51465	0.90289
1353.46084	0.90746
1351.40703	0.91144
1349.35322	0.91443
1347.29941	0.91682
1345.2456	0.91879
1343.19179	0.92031
1341.13798	0.92146
1339.08417	0.92241
1337.03036	0.9232
1334.97655	0.92375
1332.92274	0.92394
1330.86893	0.92395
1328.81512	0.92416
1326.7613	0.92449
1324.70749	0.92478
1322.65368	0.92515
1320.59987	0.92555
1318.54606	0.92577
1316.49225	0.92584
1314.43844	0.92598
1312.38463	0.92608
1310.33082	0.92589
1308.27701	0.92525
1306.2232	0.92429
1304.16939	0.92366
1302.11558	0.92379
1300.06177	0.92423
1298.00796	0.92447
1295.95415	0.92441
1293.90034	0.92433
1291.84653	0.92453
1289.79272	0.92499
1287.73891	0.92544
1285.6851	0.92557
1283.63129	0.92541
1281.57748	0.92517
1279.52367	0.92492
1277.46986	0.92471
1275.41605	0.92447
1273.36224	0.92414
1271.30843	0.92376
1269.25462	0.92337
1267.20081	0.92303
1265.147	0.92267
1263.09319	0.92216
1261.03938	0.92146
1258.98557	0.92053
1256.93176	0.91964
1254.87795	0.91932
1252.82414	0.91986
1250.77033	0.92081
1248.71652	0.92136
1246.66271	0.92138
1244.6089	0.92127
1242.55509	0.92135
1240.50128	0.92161
1238.44747	0.92197
1236.39366	0.92228
1234.33985	0.92255
1232.28604	0.92299
1230.23223	0.92345
1228.17842	0.92362
1226.12461	0.92363
1224.0708	0.92372
1222.01699	0.92383
1219.96318	0.92403
1217.90937	0.92442
1215.85556	0.92493
1213.80175	0.92545
1211.74794	0.9258
1209.69413	0.92598
1207.64032	0.92616
1205.58651	0.92644
1203.5327	0.92661
1201.47889	0.92657
1199.42508	0.92652
1197.37127	0.92646
1195.31746	0.92622
1193.26365	0.92594
1191.20984	0.9259
1189.15603	0.92592
1187.10222	0.92565
1185.04841	0.92509
1182.9946	0.92435
1180.94079	0.92345
1178.88698	0.92223
1176.83317	0.92035
1174.77936	0.91747
1172.72555	0.91341
1170.67174	0.90883
1168.61793	0.9052
1166.56412	0.90361
1164.51031	0.904
1162.4565	0.90528
1160.40269	0.9063
1158.34888	0.90693
1156.29507	0.90751
1154.24126	0.90782
1152.18745	0.9078
1150.13364	0.90792
1148.07983	0.90842
1146.02602	0.9091
1143.97221	0.90973
1141.9184	0.91011
1139.86459	0.91002
1137.81078	0.90936
1135.75697	0.90821
1133.70316	0.90658
1131.64935	0.9044
1129.59554	0.90191
1127.54173	0.89927
1125.48792	0.89634
1123.43411	0.89321
1121.3803	0.89002
1119.32649	0.88675
1117.27268	0.88365
1115.21887	0.88096
1113.16506	0.87855
1111.11125	0.87649
1109.05744	0.87468
1107.00363	0.87271
1104.94982	0.87039
1102.89601	0.86786
1100.8422	0.86549
1098.78839	0.86359
1096.73458	0.86209
1094.68077	0.86054
1092.62696	0.85865
1090.57315	0.85691
1088.51934	0.8556
1086.46553	0.85402
1084.41172	0.85174
1082.35791	0.84982
1080.3041	0.84899
1078.25029	0.8484
1076.19648	0.84768
1074.14267	0.84704
1072.08886	0.84609
1070.03505	0.84482
1067.98124	0.8435
1065.92743	0.84205
1063.87362	0.8404
1061.81981	0.8386
1059.766	0.83647
1057.71219	0.83376
1055.65838	0.83056
1053.60457	0.82702
1051.55076	0.82312
1049.49695	0.81907
1047.44314	0.81512
1045.38933	0.81127
1043.33552	0.80783
1041.28171	0.80481
1039.2279	0.80186
1037.17409	0.79933
1035.12028	0.79761
1033.06647	0.79653
1031.01265	0.79618
1028.95884	0.79679
1026.90503	0.79784
1024.85122	0.799
1022.79741	0.80045
1020.7436	0.80176
1018.68979	0.80252
1016.63598	0.80309
1014.58217	0.80379
1012.52836	0.80442
1010.47455	0.80496
1008.42074	0.80568
1006.36693	0.80659
1004.31312	0.80744
1002.25931	0.8075
1000.2055	0.80654
998.15169	0.80669
996.09788	0.8106
994.04407	0.81794
991.99026	0.82618
989.93645	0.83347
987.88264	0.83959
985.82883	0.84485
983.77502	0.84912
981.72121	0.85214
979.6674	0.85328
977.61359	0.85184
975.55978	0.84884
973.50597	0.84765
971.45216	0.85165
969.39835	0.86027
967.34454	0.86956
965.29073	0.87681
963.23692	0.88181
961.18311	0.8854
959.1293	0.88833
957.07549	0.89076
955.02168	0.89279
952.96787	0.89497
950.91406	0.89722
948.86025	0.89886
946.80644	0.89976
944.75263	0.90008
942.69882	0.89997
940.64501	0.89991
938.5912	0.90039
936.53739	0.90134
934.48358	0.9025
932.42977	0.90335
930.37596	0.90355
928.32215	0.90353
926.26834	0.90355
924.21453	0.90329
922.16072	0.90282
920.10691	0.90232
918.0531	0.90156
915.99929	0.90078
913.94548	0.90033
911.89167	0.90022
909.83786	0.90086
907.78405	0.90224
905.73024	0.90357
903.67643	0.90407
901.62262	0.90395
899.56881	0.90453
897.515	0.90689
895.46119	0.91054
893.40738	0.91382
891.35357	0.91594
889.29976	0.91729
887.24595	0.91779
885.19214	0.91678
883.13833	0.91382
881.08452	0.90853
879.03071	0.90156
876.9769	0.89597
874.92309	0.89492
872.86928	0.89874
870.81547	0.90456
868.76166	0.90768
866.70785	0.90524
864.65404	0.89846
862.60023	0.89035
860.54642	0.88322
858.49261	0.87834
856.4388	0.87739
854.38499	0.8834
852.33118	0.89588
850.27737	0.90781
848.22356	0.9136
846.16975	0.91282
844.11594	0.90717
842.06213	0.90201
840.00832	0.90294
837.95451	0.90862
835.9007	0.9136
833.84689	0.91586
831.79308	0.91687
829.73927	0.91778
827.68546	0.91889
825.63165	0.91987
823.57784	0.92039
821.52403	0.92088
819.47022	0.92123
817.41641	0.92051
815.3626	0.91863
813.30879	0.9162
811.25498	0.91347
809.20117	0.91103
807.14736	0.90962
805.09355	0.90917
803.03974	0.90915
800.98593	0.90928
798.93212	0.9093
796.87831	0.90926
794.8245	0.91031
792.77069	0.91244
790.71688	0.91411
788.66307	0.91502
786.60926	0.91526
784.55545	0.91454
782.50164	0.91337
780.44783	0.91267
778.39402	0.91284
776.34021	0.91343
774.2864	0.91392
772.23259	0.91459
770.17878	0.91524
768.12497	0.91544
766.07116	0.91549
764.01735	0.91541
761.96354	0.91517
759.90973	0.91486
757.85592	0.91452
755.80211	0.91431
753.7483	0.91409
751.69449	0.91357
749.64068	0.91298
747.58687	0.91252
745.53306	0.91239
743.47925	0.91289
741.42544	0.91338
739.37163	0.91306
737.31781	0.91258
735.264	0.91236
733.21019	0.91158
731.15638	0.91032
729.10257	0.90943
727.04876	0.90878
724.99495	0.90737
722.94114	0.90491
720.88733	0.90296
718.83352	0.90269
716.77971	0.90224
714.7259	0.89977
712.67209	0.89802
710.61828	0.89974
708.56447	0.90216
706.51066	0.90255
704.45685	0.90126
702.40304	0.89865
700.34923	0.89559
698.29542	0.8941
696.24161	0.89423
694.1878	0.89479
692.13399	0.89513
690.08018	0.89507
688.02637	0.89485
685.97256	0.89441
683.91875	0.8945
681.86494	0.89557
679.81113	0.89632
677.75732	0.89606
675.70351	0.8955
673.6497	0.89524
671.59589	0.8953
669.54208	0.89568
667.48827	0.89618
665.43446	0.89642
663.38065	0.8967
661.32684	0.89689
659.27303	0.8968
657.21922	0.89663
655.16541	0.89608
653.1116	0.89563
651.05779	0.89596
649.00398	0.89616
646.95017	0.89579
644.89636	0.89534
642.84255	0.89517
640.78874	0.89507
638.73493	0.89476
636.68112	0.89427
634.62731	0.89385
632.5735	0.89388
630.51969	0.89377
628.46588	0.89275
626.41207	0.89144
624.35826	0.89081
622.30445	0.8907
620.25064	0.89026
618.19683	0.88966
616.14302	0.8893
614.08921	0.88847
612.0354	0.88695
609.98159	0.88557
607.92778	0.88518
605.87397	0.88556
603.82016	0.88523
601.76635	0.88374
599.71254	0.88217
597.65873	0.88101
595.60492	0.88007
593.55111	0.87967
591.4973	0.87968
589.44349	0.87914
587.38968	0.87698
585.33587	0.87383
583.28206	0.8718
581.22825	0.8707
579.17444	0.86927
577.12063	0.86804
575.06682	0.86675
573.01301	0.86411
570.9592	0.8608
568.90539	0.85877
566.85158	0.858
564.79777	0.85684
562.74396	0.85532
560.69015	0.85384
558.63634	0.85195
556.58253	0.84945
554.52872	0.84709
552.47491	0.84618
550.4211	0.8454
548.36729	0.84269
546.31348	0.83965
544.25967	0.8373
542.20586	0.83435
540.15205	0.83129
538.09824	0.82906
536.04443	0.82749
533.99062	0.82615
531.93681	0.82509
529.883	0.82545
527.82919	0.82634
525.77538	0.82579
523.72157	0.82546
521.66776	0.82714
519.61395	0.8294
517.56014	0.83098
515.50633	0.83287
513.45252	0.83638
511.39871	0.84046
509.3449	0.8426
507.29109	0.84281
505.23728	0.84332
503.18347	0.84464
501.12966	0.84582
499.07585	0.84739
497.02204	0.84895
494.96823	0.84834
492.91442	0.8465
490.86061	0.84558
488.8068	0.84453
486.75299	0.8412
484.69918	0.83581
482.64537	0.82998
480.59156	0.82315
478.53775	0.81455
476.48394	0.80509
474.43013	0.79651
472.37632	0.79029
470.32251	0.7862
468.2687	0.78392
466.21489	0.78439
464.16108	0.78681
462.10727	0.7898
460.05346	0.79402
457.99965	0.80006
455.94584	0.8057
453.89203	0.80981
451.83822	0.81498
449.78441	0.82061
447.7306	0.82375
445.67679	0.82422
443.62298	0.82375
441.56916	0.82523
439.51535	0.82802
437.46154	0.82898
435.40773	0.82777
433.35392	0.82541
431.30011	0.82423
429.2463	0.82548
427.19249	0.82672
425.13868	0.82647
423.08487	0.82602
421.03106	0.82615
418.97725	0.82727
416.92344	0.83059
414.86963	0.83417
412.81582	0.83666
410.76201	0.84006
408.7082	0.84634
406.65439	0.85365
404.60058	0.85709
402.54677	0.85545
400.49296	0.85309
398.43915	0.85189
KMeans Clustering	2.0
Spectral Clustering	3.0
Agglomerative Clustering	4.0
