Numero de onda	Muestra 825
3996.7144	0.98018
3994.66059	0.98014
3992.60678	0.97987
3990.55297	0.97983
3988.49916	0.97984
3986.44535	0.9798
3984.39154	0.97992
3982.33773	0.9801
3980.28391	0.97999
3978.2301	0.97973
3976.17629	0.97971
3974.12248	0.97986
3972.06867	0.97986
3970.01486	0.97968
3967.96105	0.97963
3965.90724	0.97987
3963.85343	0.98014
3961.79962	0.9802
3959.74581	0.98012
3957.692	0.97997
3955.63819	0.97996
3953.58438	0.9801
3951.53057	0.98007
3949.47676	0.97993
3947.42295	0.97992
3945.36914	0.98008
3943.31533	0.98012
3941.26152	0.97991
3939.20771	0.97983
3937.1539	0.97989
3935.10009	0.97994
3933.04628	0.98009
3930.99247	0.98018
3928.93866	0.98005
3926.88485	0.97982
3924.83104	0.97972
3922.77723	0.98005
3920.72342	0.98055
3918.66961	0.98063
3916.6158	0.98019
3914.56199	0.97966
3912.50818	0.97941
3910.45437	0.97937
3908.40056	0.97938
3906.34675	0.97956
3904.29294	0.98015
3902.23913	0.98046
3900.18532	0.98005
3898.13151	0.97969
3896.0777	0.97973
3894.02389	0.97995
3891.97008	0.98001
3889.91627	0.97975
3887.86246	0.97967
3885.80865	0.98001
3883.75484	0.98034
3881.70103	0.98027
3879.64722	0.98021
3877.59341	0.98032
3875.5396	0.98043
3873.48579	0.98054
3871.43198	0.98051
3869.37817	0.98019
3867.32436	0.97985
3865.27055	0.97982
3863.21674	0.9802
3861.16293	0.9805
3859.10912	0.98026
3857.05531	0.97988
3855.0015	0.97989
3852.94769	0.98013
3850.89388	0.98004
3848.84007	0.98001
3846.78626	0.98015
3844.73245	0.98032
3842.67864	0.98023
3840.62483	0.97996
3838.57102	0.97997
3836.51721	0.97987
3834.4634	0.97959
3832.40959	0.97969
3830.35578	0.98006
3828.30197	0.98052
3826.24816	0.98091
3824.19435	0.98099
3822.14054	0.98095
3820.08673	0.98094
3818.03292	0.98094
3815.97911	0.98089
3813.9253	0.98049
3811.87149	0.98011
3809.81768	0.98005
3807.76387	0.97985
3805.71006	0.97961
3803.65625	0.97986
3801.60244	0.98022
3799.54863	0.98032
3797.49482	0.98024
3795.44101	0.98018
3793.3872	0.98033
3791.33339	0.98068
3789.27958	0.98095
3787.22577	0.98079
3785.17196	0.98042
3783.11815	0.98052
3781.06434	0.98094
3779.01053	0.98095
3776.95672	0.98062
3774.90291	0.98042
3772.8491	0.98039
3770.79529	0.98035
3768.74148	0.9802
3766.68767	0.98015
3764.63386	0.98013
3762.58005	0.98
3760.52624	0.98005
3758.47243	0.9801
3756.41862	0.97987
3754.36481	0.97975
3752.311	0.98005
3750.25719	0.98105
3748.20338	0.98175
3746.14957	0.98142
3744.09576	0.98078
3742.04195	0.98054
3739.98814	0.98042
3737.93433	0.98015
3735.88052	0.97986
3733.82671	0.98016
3731.7729	0.98074
3729.71909	0.98092
3727.66528	0.98093
3725.61147	0.98083
3723.55766	0.98055
3721.50385	0.98032
3719.45004	0.98008
3717.39623	0.97971
3715.34242	0.97937
3713.28861	0.97919
3711.2348	0.97892
3709.18099	0.97839
3707.12718	0.97776
3705.07337	0.97723
3703.01956	0.97691
3700.96575	0.97645
3698.91194	0.97592
3696.85813	0.97587
3694.80432	0.97611
3692.75051	0.97637
3690.6967	0.97659
3688.64289	0.9766
3686.58907	0.97634
3684.53526	0.97604
3682.48145	0.97608
3680.42764	0.97624
3678.37383	0.97594
3676.32002	0.97532
3674.26621	0.97508
3672.2124	0.97487
3670.15859	0.97445
3668.10478	0.97459
3666.05097	0.97492
3663.99716	0.97485
3661.94335	0.97454
3659.88954	0.97424
3657.83573	0.97408
3655.78192	0.97392
3653.72811	0.97372
3651.6743	0.97339
3649.62049	0.97283
3647.56668	0.97238
3645.51287	0.97219
3643.45906	0.97224
3641.40525	0.97236
3639.35144	0.97209
3637.29763	0.9714
3635.24382	0.97073
3633.19001	0.9703
3631.1362	0.96996
3629.08239	0.96953
3627.02858	0.96925
3624.97477	0.96919
3622.92096	0.96916
3620.86715	0.96925
3618.81334	0.96937
3616.75953	0.96929
3614.70572	0.96925
3612.65191	0.96945
3610.5981	0.96941
3608.54429	0.96888
3606.49048	0.96831
3604.43667	0.96788
3602.38286	0.96763
3600.32905	0.96779
3598.27524	0.96838
3596.22143	0.96916
3594.16762	0.96978
3592.11381	0.97003
3590.06	0.97005
3588.00619	0.96995
3585.95238	0.96949
3583.89857	0.96866
3581.84476	0.968
3579.79095	0.96783
3577.73714	0.96807
3575.68333	0.96828
3573.62952	0.96804
3571.57571	0.96759
3569.5219	0.96763
3567.46809	0.96804
3565.41428	0.96784
3563.36047	0.96739
3561.30666	0.96715
3559.25285	0.967
3557.19904	0.96678
3555.14523	0.96648
3553.09142	0.96631
3551.03761	0.96637
3548.9838	0.9664
3546.92999	0.96619
3544.87618	0.96588
3542.82237	0.96571
3540.76856	0.96567
3538.71475	0.96565
3536.66094	0.9655
3534.60713	0.96512
3532.55332	0.96471
3530.49951	0.96454
3528.4457	0.96461
3526.39189	0.96466
3524.33808	0.96443
3522.28427	0.96396
3520.23046	0.96352
3518.17665	0.96335
3516.12284	0.96366
3514.06903	0.96412
3512.01522	0.96434
3509.96141	0.96432
3507.9076	0.96408
3505.85379	0.96382
3503.79998	0.96359
3501.74617	0.96322
3499.69236	0.96299
3497.63855	0.96301
3495.58474	0.96304
3493.53093	0.96291
3491.47712	0.9628
3489.42331	0.96274
3487.3695	0.96265
3485.31569	0.96245
3483.26188	0.96214
3481.20807	0.96196
3479.15426	0.96187
3477.10045	0.9618
3475.04664	0.96169
3472.99283	0.96151
3470.93902	0.96139
3468.88521	0.96123
3466.8314	0.96109
3464.77759	0.96115
3462.72378	0.96114
3460.66997	0.96094
3458.61616	0.96081
3456.56235	0.9606
3454.50854	0.96004
3452.45473	0.95961
3450.40092	0.95969
3448.34711	0.9597
3446.2933	0.95929
3444.23949	0.95903
3442.18568	0.95924
3440.13187	0.9595
3438.07806	0.95935
3436.02425	0.95897
3433.97044	0.95895
3431.91663	0.95917
3429.86282	0.95915
3427.80901	0.9592
3425.7552	0.95937
3423.70139	0.95928
3421.64758	0.95909
3419.59377	0.95895
3417.53996	0.95865
3415.48615	0.9584
3413.43234	0.95837
3411.37853	0.9584
3409.32472	0.95856
3407.27091	0.95879
3405.2171	0.95864
3403.16329	0.95806
3401.10948	0.95782
3399.05567	0.95819
3397.00186	0.95849
3394.94805	0.95837
3392.89424	0.95818
3390.84042	0.95812
3388.78661	0.95811
3386.7328	0.95816
3384.67899	0.95824
3382.62518	0.95812
3380.57137	0.95786
3378.51756	0.95778
3376.46375	0.95783
3374.40994	0.9578
3372.35613	0.95771
3370.30232	0.95781
3368.24851	0.95806
3366.1947	0.95808
3364.14089	0.95798
3362.08708	0.95805
3360.03327	0.95821
3357.97946	0.95836
3355.92565	0.95847
3353.87184	0.95856
3351.81803	0.9587
3349.76422	0.95876
3347.71041	0.95861
3345.6566	0.95847
3343.60279	0.95838
3341.54898	0.95825
3339.49517	0.95824
3337.44136	0.95818
3335.38755	0.95807
3333.33374	0.95832
3331.27993	0.95874
3329.22612	0.9588
3327.17231	0.95855
3325.1185	0.9586
3323.06469	0.95906
3321.01088	0.95939
3318.95707	0.95929
3316.90326	0.95902
3314.84945	0.959
3312.79564	0.95925
3310.74183	0.95945
3308.68802	0.95938
3306.63421	0.95917
3304.5804	0.95917
3302.52659	0.95942
3300.47278	0.95978
3298.41897	0.96007
3296.36516	0.96005
3294.31135	0.95972
3292.25754	0.95953
3290.20373	0.95976
3288.14992	0.95994
3286.09611	0.95989
3284.0423	0.95986
3281.98849	0.9599
3279.93468	0.95989
3277.88087	0.95969
3275.82706	0.9595
3273.77325	0.95979
3271.71944	0.96039
3269.66563	0.96069
3267.61182	0.96075
3265.55801	0.96085
3263.5042	0.96103
3261.45039	0.96125
3259.39658	0.96138
3257.34277	0.9614
3255.28896	0.96164
3253.23515	0.96219
3251.18134	0.96255
3249.12753	0.96252
3247.07372	0.96255
3245.01991	0.9627
3242.9661	0.96276
3240.91229	0.96275
3238.85848	0.96273
3236.80467	0.96281
3234.75086	0.96314
3232.69705	0.9634
3230.64324	0.9634
3228.58943	0.96355
3226.53562	0.96388
3224.48181	0.96406
3222.428	0.96422
3220.37419	0.96457
3218.32038	0.96482
3216.26657	0.96496
3214.21276	0.96507
3212.15895	0.96506
3210.10514	0.96505
3208.05133	0.96515
3205.99752	0.96535
3203.94371	0.96556
3201.8899	0.96562
3199.83609	0.96548
3197.78228	0.96548
3195.72847	0.96569
3193.67466	0.9658
3191.62085	0.96596
3189.56704	0.96627
3187.51323	0.9665
3185.45942	0.96661
3183.40561	0.96673
3181.3518	0.96688
3179.29799	0.96704
3177.24418	0.96721
3175.19037	0.96738
3173.13656	0.96763
3171.08275	0.96801
3169.02894	0.96845
3166.97513	0.96866
3164.92132	0.96851
3162.86751	0.96827
3160.8137	0.9683
3158.75989	0.96865
3156.70608	0.96908
3154.65227	0.96923
3152.59846	0.9691
3150.54465	0.96903
3148.49084	0.9693
3146.43703	0.96982
3144.38322	0.97022
3142.32941	0.97029
3140.2756	0.97003
3138.22179	0.96973
3136.16798	0.96973
3134.11417	0.9699
3132.06036	0.9701
3130.00655	0.97044
3127.95274	0.97086
3125.89893	0.97125
3123.84512	0.97166
3121.79131	0.97187
3119.7375	0.9717
3117.68369	0.9714
3115.62988	0.97128
3113.57607	0.97139
3111.52226	0.97149
3109.46845	0.97146
3107.41464	0.97143
3105.36083	0.97146
3103.30702	0.97144
3101.25321	0.9714
3099.1994	0.97143
3097.14559	0.97148
3095.09177	0.9716
3093.03796	0.97175
3090.98415	0.97183
3088.93034	0.9717
3086.87653	0.97131
3084.82272	0.97107
3082.76891	0.97123
3080.7151	0.97151
3078.66129	0.97164
3076.60748	0.97169
3074.55367	0.97175
3072.49986	0.97181
3070.44605	0.97195
3068.39224	0.97199
3066.33843	0.97179
3064.28462	0.9718
3062.23081	0.97223
3060.177	0.97251
3058.12319	0.97239
3056.06938	0.97224
3054.01557	0.97229
3051.96176	0.97257
3049.90795	0.9728
3047.85414	0.97266
3045.80033	0.97245
3043.74652	0.97253
3041.69271	0.97263
3039.6389	0.97257
3037.58509	0.97272
3035.53128	0.9731
3033.47747	0.97327
3031.42366	0.97314
3029.36985	0.97301
3027.31604	0.97296
3025.26223	0.973
3023.20842	0.97306
3021.15461	0.97279
3019.1008	0.97245
3017.04699	0.97256
3014.99318	0.97292
3012.93937	0.97322
3010.88556	0.97341
3008.83175	0.97325
3006.77794	0.97286
3004.72413	0.97282
3002.67032	0.97299
3000.61651	0.97294
2998.5627	0.97274
2996.50889	0.97258
2994.45508	0.97246
2992.40127	0.97236
2990.34746	0.97234
2988.29365	0.97221
2986.23984	0.97177
2984.18603	0.97125
2982.13222	0.97082
2980.07841	0.97046
2978.0246	0.97004
2975.97079	0.96944
2973.91698	0.96859
2971.86317	0.9675
2969.80936	0.96632
2967.75555	0.96507
2965.70174	0.96367
2963.64793	0.96215
2961.59412	0.96055
2959.54031	0.95891
2957.4865	0.95732
2955.43269	0.95555
2953.37888	0.95346
2951.32507	0.95121
2949.27126	0.94835
2947.21745	0.94426
2945.16364	0.93877
2943.10983	0.93165
2941.05602	0.92262
2939.00221	0.91157
2936.9484	0.89854
2934.89459	0.88338
2932.84078	0.86569
2930.78697	0.8452
2928.73316	0.82157
2926.67935	0.79371
2924.62554	0.76045
2922.57173	0.72194
2920.51792	0.68041
2918.46411	0.64071
2916.4103	0.61057
2914.35649	0.59819
2912.30268	0.60628
2910.24887	0.62908
2908.19506	0.65744
2906.14125	0.68485
2904.08744	0.70833
2902.03363	0.72745
2899.97982	0.74326
2897.92601	0.75691
2895.8722	0.76918
2893.81839	0.781
2891.76458	0.79301
2889.71077	0.80509
2887.65696	0.81715
2885.60315	0.8293
2883.54934	0.8415
2881.49553	0.85375
2879.44172	0.86596
2877.38791	0.87768
2875.3341	0.88803
2873.28029	0.89631
2871.22648	0.90205
2869.17267	0.90503
2867.11886	0.90517
2865.06505	0.90212
2863.01124	0.89503
2860.95743	0.88272
2858.90362	0.86318
2856.84981	0.83328
2854.796	0.78936
2852.74219	0.73053
2850.68838	0.66718
2848.63457	0.62426
2846.58076	0.62299
2844.52695	0.65938
2842.47314	0.71159
2840.41933	0.76141
2838.36552	0.80164
2836.31171	0.83198
2834.2579	0.8545
2832.20409	0.87156
2830.15028	0.88489
2828.09647	0.8953
2826.04266	0.9035
2823.98885	0.91021
2821.93504	0.91577
2819.88123	0.92042
2817.82742	0.9245
2815.77361	0.92803
2813.7198	0.93102
2811.66599	0.93367
2809.61218	0.93588
2807.55837	0.93774
2805.50456	0.93962
2803.45075	0.94169
2801.39693	0.9436
2799.34312	0.94505
2797.28931	0.94627
2795.2355	0.94742
2793.18169	0.94851
2791.12788	0.94972
2789.07407	0.95104
2787.02026	0.9522
2784.96645	0.95307
2782.91264	0.95396
2780.85883	0.95499
2778.80502	0.95596
2776.75121	0.95669
2774.6974	0.9573
2772.64359	0.95799
2770.58978	0.95884
2768.53597	0.9596
2766.48216	0.96013
2764.42835	0.96069
2762.37454	0.96122
2760.32073	0.96146
2758.26692	0.96165
2756.21311	0.96195
2754.1593	0.96217
2752.10549	0.96239
2750.05168	0.96272
2747.99787	0.963
2745.94406	0.96315
2743.89025	0.96333
2741.83644	0.96355
2739.78263	0.96368
2737.72882	0.96375
2735.67501	0.96385
2733.6212	0.96402
2731.56739	0.96415
2729.51358	0.96426
2727.45977	0.96444
2725.40596	0.96466
2723.35215	0.96501
2721.29834	0.9654
2719.24453	0.96556
2717.19072	0.96555
2715.13691	0.96564
2713.0831	0.96594
2711.02929	0.96621
2708.97548	0.96631
2706.92167	0.96642
2704.86786	0.96668
2702.81405	0.9669
2700.76024	0.96695
2698.70643	0.96708
2696.65262	0.96739
2694.59881	0.96758
2692.545	0.9676
2690.49119	0.96765
2688.43738	0.96784
2686.38357	0.96801
2684.32976	0.96799
2682.27595	0.9679
2680.22214	0.96787
2678.16833	0.96789
2676.11452	0.96791
2674.06071	0.96773
2672.0069	0.96748
2669.95309	0.96742
2667.89928	0.96752
2665.84547	0.96753
2663.79166	0.96727
2661.73785	0.96697
2659.68404	0.96685
2657.63023	0.96679
2655.57642	0.96678
2653.52261	0.96696
2651.4688	0.96727
2649.41499	0.96741
2647.36118	0.96734
2645.30737	0.96719
2643.25356	0.96707
2641.19975	0.9671
2639.14594	0.96708
2637.09213	0.96687
2635.03832	0.96669
2632.98451	0.96669
2630.9307	0.96696
2628.87689	0.96749
2626.82308	0.96794
2624.76927	0.96814
2622.71546	0.96842
2620.66165	0.96889
2618.60784	0.96924
2616.55403	0.96954
2614.50022	0.97001
2612.44641	0.97051
2610.3926	0.97075
2608.33879	0.97087
2606.28498	0.97098
2604.23117	0.97092
2602.17736	0.97093
2600.12355	0.97117
2598.06974	0.97145
2596.01593	0.97181
2593.96212	0.97207
2591.90831	0.97195
2589.8545	0.972
2587.80069	0.97249
2585.74688	0.97258
2583.69307	0.97217
2581.63926	0.97205
2579.58545	0.97234
2577.53164	0.97251
2575.47783	0.97239
2573.42402	0.97251
2571.37021	0.97274
2569.3164	0.97283
2567.26259	0.97315
2565.20878	0.97363
2563.15497	0.97383
2561.10116	0.97378
2559.04735	0.97365
2556.99354	0.97365
2554.93973	0.97385
2552.88592	0.97407
2550.83211	0.97392
2548.7783	0.97352
2546.72449	0.97331
2544.67068	0.97331
2542.61687	0.97352
2540.56306	0.97387
2538.50925	0.97389
2536.45544	0.97373
2534.40163	0.97376
2532.34782	0.97362
2530.29401	0.97326
2528.2402	0.97329
2526.18639	0.97377
2524.13258	0.97416
2522.07877	0.97426
2520.02496	0.97429
2517.97115	0.9744
2515.91734	0.97434
2513.86353	0.97398
2511.80972	0.97395
2509.75591	0.97446
2507.7021	0.97463
2505.64828	0.97446
2503.59447	0.97472
2501.54066	0.97505
2499.48685	0.97522
2497.43304	0.97545
2495.37923	0.97546
2493.32542	0.97529
2491.27161	0.97503
2489.2178	0.97485
2487.16399	0.97516
2485.11018	0.97556
2483.05637	0.9755
2481.00256	0.97516
2478.94875	0.97512
2476.89494	0.97538
2474.84113	0.97547
2472.78732	0.9756
2470.73351	0.97592
2468.6797	0.97582
2466.62589	0.97542
2464.57208	0.97565
2462.51827	0.97632
2460.46446	0.97639
2458.41065	0.97607
2456.35684	0.9761
2454.30303	0.97608
2452.24922	0.97569
2450.19541	0.97555
2448.1416	0.97573
2446.08779	0.97595
2444.03398	0.97621
2441.98017	0.97665
2439.92636	0.97716
2437.87255	0.97717
2435.81874	0.97685
2433.76493	0.97673
2431.71112	0.97673
2429.65731	0.97668
2427.6035	0.97677
2425.54969	0.97704
2423.49588	0.97705
2421.44207	0.97651
2419.38826	0.97599
2417.33445	0.97602
2415.28064	0.97616
2413.22683	0.97615
2411.17302	0.97647
2409.11921	0.977
2407.0654	0.97708
2405.01159	0.97652
2402.95778	0.97593
2400.90397	0.97596
2398.85016	0.97619
2396.79635	0.97609
2394.74254	0.976
2392.68873	0.97626
2390.63492	0.97655
2388.58111	0.97671
2386.5273	0.97687
2384.47349	0.97688
2382.41968	0.97679
2380.36587	0.97674
2378.31206	0.97664
2376.25825	0.97634
2374.20444	0.97615
2372.15063	0.97629
2370.09682	0.97614
2368.04301	0.9758
2365.9892	0.97548
2363.93539	0.97511
2361.88158	0.97486
2359.82777	0.97426
2357.77396	0.97361
2355.72015	0.97336
2353.66634	0.97339
2351.61253	0.97355
2349.55872	0.97341
2347.50491	0.97308
2345.4511	0.97326
2343.39729	0.97381
2341.34348	0.97356
2339.28967	0.97276
2337.23586	0.97238
2335.18205	0.9726
2333.12824	0.97304
2331.07443	0.97332
2329.02062	0.97343
2326.96681	0.97325
2324.913	0.97246
2322.85919	0.97185
2320.80538	0.97247
2318.75157	0.97373
2316.69776	0.97432
2314.64395	0.97413
2312.59014	0.97391
2310.53633	0.97381
2308.48252	0.97381
2306.42871	0.97447
2304.3749	0.97533
2302.32109	0.9754
2300.26728	0.97533
2298.21347	0.97577
2296.15966	0.97592
2294.10585	0.97534
2292.05204	0.97476
2289.99823	0.97448
2287.94442	0.97404
2285.89061	0.97371
2283.8368	0.97397
2281.78299	0.97436
2279.72918	0.97451
2277.67537	0.97454
2275.62156	0.97452
2273.56775	0.97488
2271.51394	0.97547
2269.46013	0.97555
2267.40632	0.97528
2265.35251	0.97528
2263.2987	0.97615
2261.24489	0.97721
2259.19108	0.97718
2257.13727	0.97641
2255.08346	0.97597
2253.02965	0.9763
2250.97584	0.97698
2248.92203	0.97744
2246.86822	0.97781
2244.81441	0.97779
2242.7606	0.97723
2240.70679	0.97673
2238.65298	0.97636
2236.59917	0.97637
2234.54536	0.97693
2232.49155	0.97726
2230.43774	0.97704
2228.38393	0.97699
2226.33012	0.97744
2224.27631	0.97782
2222.2225	0.97816
2220.16869	0.97827
2218.11488	0.97741
2216.06107	0.97628
2214.00726	0.97626
2211.95344	0.97666
2209.89963	0.97603
2207.84582	0.97543
2205.79201	0.97597
2203.7382	0.97642
2201.68439	0.97647
2199.63058	0.9771
2197.57677	0.97797
2195.52296	0.97813
2193.46915	0.97737
2191.41534	0.97672
2189.36153	0.97678
2187.30772	0.97717
2185.25391	0.97792
2183.2001	0.97817
2181.14629	0.97732
2179.09248	0.97674
2177.03867	0.97701
2174.98486	0.97667
2172.93105	0.9757
2170.87724	0.97544
2168.82343	0.97576
2166.76962	0.97607
2164.71581	0.97677
2162.662	0.97769
2160.60819	0.97851
2158.55438	0.97986
2156.50057	0.98113
2154.44676	0.98169
2152.39295	0.98165
2150.33914	0.98077
2148.28533	0.9797
2146.23152	0.97939
2144.17771	0.97923
2142.1239	0.97856
2140.07009	0.97816
2138.01628	0.97835
2135.96247	0.97895
2133.90866	0.9802
2131.85485	0.98116
2129.80104	0.98064
2127.74723	0.97986
2125.69342	0.97965
2123.63961	0.97934
2121.5858	0.97876
2119.53199	0.97794
2117.47818	0.97737
2115.42437	0.97705
2113.37056	0.97658
2111.31675	0.97623
2109.26294	0.9761
2107.20913	0.97632
2105.15532	0.97682
2103.10151	0.97689
2101.0477	0.97675
2098.99389	0.9771
2096.94008	0.97766
2094.88627	0.97802
2092.83246	0.97809
2090.77865	0.97788
2088.72484	0.97795
2086.67103	0.9782
2084.61722	0.97747
2082.56341	0.97643
2080.5096	0.97658
2078.45579	0.97717
2076.40198	0.97745
2074.34817	0.97752
2072.29436	0.97739
2070.24055	0.97752
2068.18674	0.97776
2066.13293	0.97737
2064.07912	0.97699
2062.02531	0.97735
2059.9715	0.97727
2057.91769	0.9764
2055.86388	0.97614
2053.81007	0.97655
2051.75626	0.97686
2049.70245	0.97706
2047.64864	0.97692
2045.59483	0.97645
2043.54102	0.9762
2041.48721	0.9768
2039.4334	0.97791
2037.37959	0.97837
2035.32578	0.97804
2033.27197	0.97748
2031.21816	0.9771
2029.16435	0.97682
2027.11054	0.97653
2025.05673	0.97684
2023.00292	0.97727
2020.94911	0.97721
2018.8953	0.97738
2016.84149	0.97813
2014.78768	0.97878
2012.73387	0.97869
2010.68006	0.97797
2008.62625	0.97762
2006.57244	0.97812
2004.51863	0.97874
2002.46482	0.97867
2000.41101	0.97799
1998.3572	0.97749
1996.30339	0.97765
1994.24958	0.97824
1992.19577	0.97878
1990.14196	0.97823
1988.08815	0.97672
1986.03434	0.97655
1983.98053	0.97767
1981.92672	0.97748
1979.87291	0.97635
1977.8191	0.97742
1975.76529	0.98012
1973.71148	0.98019
1971.65767	0.97788
1969.60386	0.97684
1967.55005	0.97798
1965.49624	0.97863
1963.44243	0.97717
1961.38862	0.97654
1959.33481	0.97875
1957.281	0.981
1955.22719	0.98048
1953.17338	0.97838
1951.11957	0.97721
1949.06576	0.97746
1947.01195	0.9779
1944.95814	0.97725
1942.90433	0.97619
1940.85052	0.97601
1938.79671	0.97624
1936.7429	0.9767
1934.68909	0.97758
1932.63528	0.9781
1930.58147	0.9778
1928.52766	0.97717
1926.47385	0.97697
1924.42004	0.97725
1922.36623	0.97744
1920.31242	0.97762
1918.25861	0.97803
1916.20479	0.97814
1914.15098	0.97748
1912.09717	0.97638
1910.04336	0.97562
1907.98955	0.97566
1905.93574	0.97575
1903.88193	0.97553
1901.82812	0.97568
1899.77431	0.97597
1897.7205	0.9759
1895.66669	0.97597
1893.61288	0.97631
1891.55907	0.97659
1889.50526	0.97676
1887.45145	0.97665
1885.39764	0.97643
1883.34383	0.9765
1881.29002	0.97668
1879.23621	0.97658
1877.1824	0.97616
1875.12859	0.97568
1873.07478	0.97543
1871.02097	0.97558
1868.96716	0.97607
1866.91335	0.97639
1864.85954	0.9763
1862.80573	0.97621
1860.75192	0.9764
1858.69811	0.97675
1856.6443	0.97702
1854.59049	0.97701
1852.53668	0.97681
1850.48287	0.97673
1848.42906	0.9767
1846.37525	0.97644
1844.32144	0.97611
1842.26763	0.97586
1840.21382	0.9757
1838.16001	0.97577
1836.1062	0.97589
1834.05239	0.97593
1831.99858	0.9763
1829.94477	0.97662
1827.89096	0.97613
1825.83715	0.97543
1823.78334	0.97523
1821.72953	0.9754
1819.67572	0.97578
1817.62191	0.97611
1815.5681	0.97592
1813.51429	0.97529
1811.46048	0.97471
1809.40667	0.9746
1807.35286	0.97473
1805.29905	0.97468
1803.24524	0.97447
1801.19143	0.97439
1799.13762	0.97438
1797.08381	0.97399
1795.03	0.97339
1792.97619	0.97295
1790.92238	0.97274
1788.86857	0.97263
1786.81476	0.97248
1784.76095	0.97236
1782.70714	0.97219
1780.65333	0.97191
1778.59952	0.97192
1776.54571	0.97225
1774.4919	0.97236
1772.43809	0.97208
1770.38428	0.97187
1768.33047	0.97185
1766.27666	0.97163
1764.22285	0.97133
1762.16904	0.9711
1760.11523	0.97075
1758.06142	0.9704
1756.00761	0.97015
1753.9538	0.96996
1751.89999	0.96973
1749.84618	0.96916
1747.79237	0.96834
1745.73856	0.96749
1743.68475	0.96663
1741.63094	0.96597
1739.57713	0.9654
1737.52332	0.96489
1735.46951	0.96459
1733.4157	0.96429
1731.36189	0.9639
1729.30808	0.96352
1727.25427	0.963
1725.20046	0.96202
1723.14665	0.9606
1721.09284	0.95932
1719.03903	0.95849
1716.98522	0.95781
1714.93141	0.95713
1712.8776	0.95676
1710.82379	0.9567
1708.76998	0.95677
1706.71617	0.95701
1704.66236	0.95725
1702.60855	0.95721
1700.55474	0.95729
1698.50093	0.95728
1696.44712	0.95662
1694.39331	0.95594
1692.3395	0.95563
1690.28569	0.95527
1688.23188	0.95466
1686.17807	0.95391
1684.12426	0.953
1682.07045	0.95225
1680.01664	0.95151
1677.96283	0.9506
1675.90902	0.94962
1673.85521	0.94854
1671.8014	0.94739
1669.74759	0.94624
1667.69378	0.94534
1665.63997	0.94462
1663.58616	0.94389
1661.53235	0.94325
1659.47854	0.94273
1657.42473	0.94224
1655.37092	0.94184
1653.31711	0.94145
1651.2633	0.94121
1649.20949	0.94113
1647.15568	0.94096
1645.10187	0.94067
1643.04806	0.94049
1640.99425	0.94049
1638.94044	0.9407
1636.88663	0.94096
1634.83282	0.94097
1632.77901	0.94091
1630.7252	0.94101
1628.67139	0.94123
1626.61758	0.94155
1624.56377	0.94202
1622.50996	0.94281
1620.45614	0.94353
1618.40233	0.94408
1616.34852	0.94474
1614.29471	0.94534
1612.2409	0.94583
1610.18709	0.94628
1608.13328	0.94665
1606.07947	0.94693
1604.02566	0.94721
1601.97185	0.94752
1599.91804	0.94777
1597.86423	0.94796
1595.81042	0.94821
1593.75661	0.94852
1591.7028	0.94875
1589.64899	0.94889
1587.59518	0.94892
1585.54137	0.94891
1583.48756	0.94888
1581.43375	0.94884
1579.37994	0.94882
1577.32613	0.94875
1575.27232	0.94855
1573.21851	0.94837
1571.1647	0.94812
1569.11089	0.94755
1567.05708	0.94695
1565.00327	0.94672
1562.94946	0.94652
1560.89565	0.94592
1558.84184	0.94489
1556.78803	0.94406
1554.73422	0.94327
1552.68041	0.94223
1550.6266	0.94095
1548.57279	0.93952
1546.51898	0.93827
1544.46517	0.93695
1542.41136	0.93543
1540.35755	0.93365
1538.30374	0.93151
1536.24993	0.92992
1534.19612	0.92848
1532.14231	0.92697
1530.0885	0.92573
1528.03469	0.92454
1525.98088	0.92325
1523.92707	0.92218
1521.87326	0.92152
1519.81945	0.92139
1517.76564	0.92123
1515.71183	0.92103
1513.65802	0.92089
1511.60421	0.92049
1509.5504	0.91984
1507.49659	0.91905
1505.44278	0.91794
1503.38897	0.91699
1501.33516	0.91623
1499.28135	0.91515
1497.22754	0.91374
1495.17373	0.91259
1493.11992	0.91183
1491.06611	0.91097
1489.0123	0.90968
1486.95849	0.90836
1484.90468	0.90731
1482.85087	0.90611
1480.79706	0.90348
1478.74325	0.89592
1476.68944	0.87306
1474.63563	0.82446
1472.58182	0.77252
1470.52801	0.76583
1468.4742	0.78764
1466.42039	0.80379
1464.36658	0.80334
1462.31277	0.80188
1460.25896	0.81609
1458.20515	0.84247
1456.15134	0.86568
1454.09753	0.87626
1452.04372	0.88256
1449.98991	0.88766
1447.9361	0.89154
1445.88229	0.89438
1443.82848	0.89627
1441.77467	0.89773
1439.72086	0.89912
1437.66705	0.90059
1435.61324	0.90229
1433.55943	0.90379
1431.50562	0.90518
1429.45181	0.90679
1427.398	0.90838
1425.34419	0.90986
1423.29038	0.9115
1421.23657	0.91322
1419.18276	0.91506
1417.12895	0.91674
1415.07514	0.91812
1413.02133	0.91977
1410.96752	0.9219
1408.91371	0.92432
1406.8599	0.92669
1404.80609	0.92908
1402.75228	0.9313
1400.69847	0.93315
1398.64466	0.93487
1396.59085	0.9366
1394.53704	0.93834
1392.48323	0.93964
1390.42942	0.94025
1388.37561	0.94075
1386.3218	0.94128
1384.26799	0.94155
1382.21418	0.94168
1380.16037	0.94154
1378.10656	0.94122
1376.05275	0.94114
1373.99894	0.94129
1371.94513	0.94124
1369.89132	0.94114
1367.83751	0.94134
1365.7837	0.94192
1363.72989	0.9428
1361.67608	0.94381
1359.62227	0.94457
1357.56846	0.94498
1355.51465	0.94522
1353.46084	0.94539
1351.40703	0.94558
1349.35322	0.94594
1347.29941	0.94652
1345.2456	0.9472
1343.19179	0.94779
1341.13798	0.94831
1339.08417	0.9489
1337.03036	0.94949
1334.97655	0.94994
1332.92274	0.95016
1330.86893	0.95025
1328.81512	0.95026
1326.7613	0.95004
1324.70749	0.94976
1322.65368	0.94953
1320.59987	0.94926
1318.54606	0.94901
1316.49225	0.94893
1314.43844	0.94879
1312.38463	0.94835
1310.33082	0.94788
1308.27701	0.94754
1306.2232	0.94719
1304.16939	0.94694
1302.11558	0.94691
1300.06177	0.94691
1298.00796	0.94679
1295.95415	0.94666
1293.90034	0.9466
1291.84653	0.94654
1289.79272	0.94641
1287.73891	0.94619
1285.6851	0.94572
1283.63129	0.94501
1281.57748	0.94435
1279.52367	0.94376
1277.46986	0.94308
1275.41605	0.94264
1273.36224	0.94257
1271.30843	0.94257
1269.25462	0.94238
1267.20081	0.94203
1265.147	0.94174
1263.09319	0.94158
1261.03938	0.94129
1258.98557	0.94072
1256.93176	0.94007
1254.87795	0.93935
1252.82414	0.93852
1250.77033	0.93782
1248.71652	0.93748
1246.66271	0.93743
1244.6089	0.93751
1242.55509	0.93757
1240.50128	0.93746
1238.44747	0.93737
1236.39366	0.93746
1234.33985	0.9375
1232.28604	0.93744
1230.23223	0.93724
1228.17842	0.93688
1226.12461	0.93657
1224.0708	0.93627
1222.01699	0.93574
1219.96318	0.93504
1217.90937	0.93423
1215.85556	0.9335
1213.80175	0.93328
1211.74794	0.9335
1209.69413	0.93371
1207.64032	0.93386
1205.58651	0.93402
1203.5327	0.93433
1201.47889	0.93498
1199.42508	0.93563
1197.37127	0.93596
1195.31746	0.93612
1193.26365	0.93626
1191.20984	0.93636
1189.15603	0.93639
1187.10222	0.93623
1185.04841	0.93592
1182.9946	0.93552
1180.94079	0.93499
1178.88698	0.93443
1176.83317	0.93391
1174.77936	0.93339
1172.72555	0.93273
1170.67174	0.93185
1168.61793	0.9309
1166.56412	0.93004
1164.51031	0.92932
1162.4565	0.92891
1160.40269	0.92897
1158.34888	0.92899
1156.29507	0.92846
1154.24126	0.92752
1152.18745	0.92659
1150.13364	0.926
1148.07983	0.92568
1146.02602	0.92512
1143.97221	0.9242
1141.9184	0.92319
1139.86459	0.92193
1137.81078	0.92041
1135.75697	0.91902
1133.70316	0.91764
1131.64935	0.91583
1129.59554	0.9136
1127.54173	0.91139
1125.48792	0.90953
1123.43411	0.90769
1121.3803	0.90556
1119.32649	0.90336
1117.27268	0.90124
1115.21887	0.89908
1113.16506	0.89694
1111.11125	0.89474
1109.05744	0.89224
1107.00363	0.88956
1104.94982	0.88713
1102.89601	0.88518
1100.8422	0.8835
1098.78839	0.88173
1096.73458	0.87987
1094.68077	0.87806
1092.62696	0.87635
1090.57315	0.87485
1088.51934	0.87358
1086.46553	0.87218
1084.41172	0.87034
1082.35791	0.86842
1080.3041	0.86688
1078.25029	0.86565
1076.19648	0.8644
1074.14267	0.86314
1072.08886	0.8621
1070.03505	0.86105
1067.98124	0.8597
1065.92743	0.85818
1063.87362	0.85661
1061.81981	0.85494
1059.766	0.85313
1057.71219	0.85119
1055.65838	0.84911
1053.60457	0.8468
1051.55076	0.84408
1049.49695	0.84106
1047.44314	0.83817
1045.38933	0.8356
1043.33552	0.83327
1041.28171	0.83119
1039.2279	0.82938
1037.17409	0.82794
1035.12028	0.82721
1033.06647	0.8272
1031.01265	0.82761
1028.95884	0.82826
1026.90503	0.82918
1024.85122	0.8304
1022.79741	0.83166
1020.7436	0.83269
1018.68979	0.83356
1016.63598	0.8344
1014.58217	0.83556
1012.52836	0.83707
1010.47455	0.83875
1008.42074	0.84089
1006.36693	0.84363
1004.31312	0.84653
1002.25931	0.84962
1000.2055	0.85307
998.15169	0.85644
996.09788	0.85944
994.04407	0.86258
991.99026	0.8659
989.93645	0.86907
987.88264	0.87262
985.82883	0.87666
983.77502	0.88052
981.72121	0.88414
979.6674	0.88766
977.61359	0.89092
975.55978	0.89397
973.50597	0.89672
971.45216	0.89919
969.39835	0.90152
967.34454	0.90371
965.29073	0.90587
963.23692	0.90812
961.18311	0.91017
959.1293	0.91176
957.07549	0.9131
955.02168	0.91437
952.96787	0.9157
950.91406	0.91686
948.86025	0.91774
946.80644	0.91887
944.75263	0.92002
942.69882	0.92053
940.64501	0.92069
938.5912	0.92108
936.53739	0.92164
934.48358	0.92178
932.42977	0.92162
930.37596	0.92171
928.32215	0.92194
926.26834	0.92208
924.21453	0.92181
922.16072	0.92102
920.10691	0.92034
918.0531	0.91966
915.99929	0.91867
913.94548	0.91771
911.89167	0.91698
909.83786	0.91688
907.78405	0.91798
905.73024	0.92023
903.67643	0.92282
901.62262	0.92492
899.56881	0.92666
897.515	0.92847
895.46119	0.9301
893.40738	0.9311
891.35357	0.93141
889.29976	0.93125
887.24595	0.93073
885.19214	0.92965
883.13833	0.92783
881.08452	0.92526
879.03071	0.92225
876.9769	0.92001
874.92309	0.92008
872.86928	0.92277
870.81547	0.92678
868.76166	0.93029
866.70785	0.93191
864.65404	0.93137
862.60023	0.92979
860.54642	0.92776
858.49261	0.9249
856.4388	0.92236
854.38499	0.92292
852.33118	0.92706
850.27737	0.93143
848.22356	0.93359
846.16975	0.93383
844.11594	0.9332
842.06213	0.93304
840.00832	0.93336
837.95451	0.9332
835.9007	0.93275
833.84689	0.93219
831.79308	0.93139
829.73927	0.93087
827.68546	0.93096
825.63165	0.93118
823.57784	0.93105
821.52403	0.93061
819.47022	0.93025
817.41641	0.93027
815.3626	0.93062
813.30879	0.93051
811.25498	0.9296
809.20117	0.92889
807.14736	0.9285
805.09355	0.9276
803.03974	0.92635
800.98593	0.92545
798.93212	0.92506
796.87831	0.92501
794.8245	0.92536
792.77069	0.92599
790.71688	0.92637
788.66307	0.92634
786.60926	0.92628
784.55545	0.92602
782.50164	0.92507
780.44783	0.92408
778.39402	0.92397
776.34021	0.92485
774.2864	0.92626
772.23259	0.92687
770.17878	0.92629
768.12497	0.92577
766.07116	0.92582
764.01735	0.92616
761.96354	0.9261
759.90973	0.9254
757.85592	0.92496
755.80211	0.92485
753.7483	0.92454
751.69449	0.92436
749.64068	0.92423
747.58687	0.9237
745.53306	0.92317
743.47925	0.9229
741.42544	0.9223
739.37163	0.92077
737.31781	0.91724
735.264	0.90598
733.21019	0.87996
731.15638	0.85111
729.10257	0.84445
727.04876	0.85674
724.99495	0.86149
722.94114	0.84292
720.88733	0.80146
718.83352	0.75858
716.77971	0.744
714.7259	0.76566
712.67209	0.80662
710.61828	0.84273
708.56447	0.86502
706.51066	0.87754
704.45685	0.8841
702.40304	0.88726
700.34923	0.88932
698.29542	0.89079
696.24161	0.89181
694.1878	0.89304
692.13399	0.89449
690.08018	0.89568
688.02637	0.89657
685.97256	0.89764
683.91875	0.89856
681.86494	0.89853
679.81113	0.89804
677.75732	0.89809
675.70351	0.89877
673.6497	0.89944
671.59589	0.89956
669.54208	0.89928
667.48827	0.8993
665.43446	0.89999
663.38065	0.90088
661.32684	0.90173
659.27303	0.90198
657.21922	0.90131
655.16541	0.90008
653.1116	0.89925
651.05779	0.89922
649.00398	0.89931
646.95017	0.89955
644.89636	0.90008
642.84255	0.90009
640.78874	0.89944
638.73493	0.89901
636.68112	0.89917
634.62731	0.89937
632.5735	0.89875
630.51969	0.89722
628.46588	0.89558
626.41207	0.89424
624.35826	0.89367
622.30445	0.89413
620.25064	0.89449
618.19683	0.89397
616.14302	0.89349
614.08921	0.89349
612.0354	0.89339
609.98159	0.89315
607.92778	0.89255
605.87397	0.89141
603.82016	0.89036
601.76635	0.89025
599.71254	0.89088
597.65873	0.89082
595.60492	0.89005
593.55111	0.88978
591.4973	0.88916
589.44349	0.88713
587.38968	0.88503
585.33587	0.88405
583.28206	0.88336
581.22825	0.88158
579.17444	0.87965
577.12063	0.87881
575.06682	0.87811
573.01301	0.87711
570.9592	0.8765
568.90539	0.8759
566.85158	0.87457
564.79777	0.87262
562.74396	0.87069
560.69015	0.86918
558.63634	0.86808
556.58253	0.86736
554.52872	0.86726
552.47491	0.86703
550.4211	0.86517
548.36729	0.86215
546.31348	0.85997
544.25967	0.85905
542.20586	0.85804
540.15205	0.85678
538.09824	0.85581
536.04443	0.85471
533.99062	0.85402
531.93681	0.85373
529.883	0.85319
527.82919	0.85291
525.77538	0.85246
523.72157	0.85211
521.66776	0.85343
519.61395	0.85572
517.56014	0.85712
515.50633	0.85743
513.45252	0.85822
511.39871	0.86005
509.3449	0.86174
507.29109	0.86324
505.23728	0.86542
503.18347	0.86765
501.12966	0.8686
499.07585	0.8682
497.02204	0.86728
494.96823	0.86577
492.91442	0.86423
490.86061	0.86394
488.8068	0.86364
486.75299	0.86172
484.69918	0.85769
482.64537	0.85231
480.59156	0.84752
478.53775	0.8429
476.48394	0.83863
474.43013	0.83542
472.37632	0.83066
470.32251	0.82559
468.2687	0.82519
466.21489	0.82863
464.16108	0.83095
462.10727	0.83225
460.05346	0.8366
457.99965	0.84307
455.94584	0.84791
453.89203	0.85189
451.83822	0.85542
449.78441	0.85606
447.7306	0.85531
445.67679	0.85639
443.62298	0.8581
441.56916	0.85858
439.51535	0.85901
437.46154	0.85956
435.40773	0.85839
433.35392	0.85735
431.30011	0.85783
429.2463	0.85552
427.19249	0.85263
425.13868	0.85636
423.08487	0.86385
421.03106	0.86752
418.97725	0.86562
416.92344	0.86207
414.86963	0.86169
412.81582	0.8649
410.76201	0.87023
408.7082	0.87375
406.65439	0.87459
404.60058	0.87651
402.54677	0.87879
400.49296	0.87901
398.43915	0.87835
KMeans Clustering	5.0
Spectral Clustering	9.0
Agglomerative Clustering	3.0
