Numero de onda	Muestra 182
3996.7144	0.98685
3994.66059	0.98662
3992.60678	0.98639
3990.55297	0.98638
3988.49916	0.98652
3986.44535	0.98657
3984.39154	0.98651
3982.33773	0.98641
3980.28391	0.98623
3978.2301	0.98604
3976.17629	0.986
3974.12248	0.98599
3972.06867	0.98601
3970.01486	0.98638
3967.96105	0.98701
3965.90724	0.98724
3963.85343	0.98682
3961.79962	0.9863
3959.74581	0.98613
3957.692	0.98629
3955.63819	0.98654
3953.58438	0.98662
3951.53057	0.98659
3949.47676	0.9866
3947.42295	0.98671
3945.36914	0.98681
3943.31533	0.98676
3941.26152	0.98651
3939.20771	0.98624
3937.1539	0.98603
3935.10009	0.9862
3933.04628	0.98693
3930.99247	0.98749
3928.93866	0.98748
3926.88485	0.98735
3924.83104	0.98707
3922.77723	0.98665
3920.72342	0.98666
3918.66961	0.98676
3916.6158	0.98619
3914.56199	0.9858
3912.50818	0.9863
3910.45437	0.987
3908.40056	0.98724
3906.34675	0.98708
3904.29294	0.98682
3902.23913	0.98671
3900.18532	0.98666
3898.13151	0.98642
3896.0777	0.98603
3894.02389	0.98594
3891.97008	0.98623
3889.91627	0.98643
3887.86246	0.98655
3885.80865	0.98674
3883.75484	0.98708
3881.70103	0.98734
3879.64722	0.98713
3877.59341	0.98696
3875.5396	0.9871
3873.48579	0.98724
3871.43198	0.98735
3869.37817	0.98728
3867.32436	0.98698
3865.27055	0.98678
3863.21674	0.98665
3861.16293	0.9866
3859.10912	0.98693
3857.05531	0.98751
3855.0015	0.98767
3852.94769	0.98733
3850.89388	0.98715
3848.84007	0.98699
3846.78626	0.98698
3844.73245	0.98719
3842.67864	0.98728
3840.62483	0.98734
3838.57102	0.98733
3836.51721	0.98686
3834.4634	0.98655
3832.40959	0.98681
3830.35578	0.98746
3828.30197	0.98803
3826.24816	0.98806
3824.19435	0.98754
3822.14054	0.98693
3820.08673	0.98697
3818.03292	0.98753
3815.97911	0.98766
3813.9253	0.98723
3811.87149	0.98702
3809.81768	0.98733
3807.76387	0.98792
3805.71006	0.98825
3803.65625	0.98827
3801.60244	0.98819
3799.54863	0.98792
3797.49482	0.98757
3795.44101	0.98715
3793.3872	0.98689
3791.33339	0.98695
3789.27958	0.98724
3787.22577	0.98731
3785.17196	0.98678
3783.11815	0.98624
3781.06434	0.98637
3779.01053	0.98664
3776.95672	0.98658
3774.90291	0.98666
3772.8491	0.98699
3770.79529	0.98712
3768.74148	0.98688
3766.68767	0.98697
3764.63386	0.98748
3762.58005	0.9877
3760.52624	0.98766
3758.47243	0.9877
3756.41862	0.98761
3754.36481	0.98771
3752.311	0.98836
3750.25719	0.9888
3748.20338	0.98849
3746.14957	0.98808
3744.09576	0.98802
3742.04195	0.98834
3739.98814	0.98845
3737.93433	0.98843
3735.88052	0.98876
3733.82671	0.98909
3731.7729	0.98881
3729.71909	0.98855
3727.66528	0.98865
3725.61147	0.98883
3723.55766	0.98883
3721.50385	0.9884
3719.45004	0.98751
3717.39623	0.98688
3715.34242	0.98707
3713.28861	0.98753
3711.2348	0.98753
3709.18099	0.98746
3707.12718	0.98741
3705.07337	0.98722
3703.01956	0.98725
3700.96575	0.98713
3698.91194	0.98675
3696.85813	0.9869
3694.80432	0.98744
3692.75051	0.98782
3690.6967	0.98785
3688.64289	0.98739
3686.58907	0.98696
3684.53526	0.98694
3682.48145	0.98714
3680.42764	0.98736
3678.37383	0.98732
3676.32002	0.98695
3674.26621	0.98667
3672.2124	0.98677
3670.15859	0.98701
3668.10478	0.98733
3666.05097	0.98754
3663.99716	0.98744
3661.94335	0.98708
3659.88954	0.98687
3657.83573	0.98703
3655.78192	0.98705
3653.72811	0.98676
3651.6743	0.98671
3649.62049	0.98671
3647.56668	0.98633
3645.51287	0.98635
3643.45906	0.98662
3641.40525	0.98655
3639.35144	0.98644
3637.29763	0.98647
3635.24382	0.98626
3633.19001	0.9859
3631.1362	0.98595
3629.08239	0.9864
3627.02858	0.98633
3624.97477	0.98598
3622.92096	0.98602
3620.86715	0.98629
3618.81334	0.98627
3616.75953	0.98586
3614.70572	0.98559
3612.65191	0.98559
3610.5981	0.98558
3608.54429	0.98509
3606.49048	0.9844
3604.43667	0.98447
3602.38286	0.98495
3600.32905	0.98508
3598.27524	0.98524
3596.22143	0.98561
3594.16762	0.98585
3592.11381	0.98584
3590.06	0.98575
3588.00619	0.98555
3585.95238	0.98517
3583.89857	0.98526
3581.84476	0.98567
3579.79095	0.98575
3577.73714	0.98564
3575.68333	0.98555
3573.62952	0.98549
3571.57571	0.98557
3569.5219	0.98574
3567.46809	0.98583
3565.41428	0.98556
3563.36047	0.9851
3561.30666	0.9849
3559.25285	0.98499
3557.19904	0.98499
3555.14523	0.98485
3553.09142	0.98468
3551.03761	0.98433
3548.9838	0.98396
3546.92999	0.98398
3544.87618	0.98421
3542.82237	0.98434
3540.76856	0.9844
3538.71475	0.98418
3536.66094	0.98382
3534.60713	0.98368
3532.55332	0.98357
3530.49951	0.98329
3528.4457	0.98302
3526.39189	0.98306
3524.33808	0.9834
3522.28427	0.98361
3520.23046	0.98338
3518.17665	0.98307
3516.12284	0.98307
3514.06903	0.98321
3512.01522	0.98326
3509.96141	0.98316
3507.9076	0.98309
3505.85379	0.98313
3503.79998	0.98315
3501.74617	0.98315
3499.69236	0.98323
3497.63855	0.98324
3495.58474	0.98301
3493.53093	0.98258
3491.47712	0.98214
3489.42331	0.98178
3487.3695	0.98178
3485.31569	0.9822
3483.26188	0.98237
3481.20807	0.98219
3479.15426	0.98238
3477.10045	0.98269
3475.04664	0.98247
3472.99283	0.98205
3470.93902	0.98199
3468.88521	0.98221
3466.8314	0.98241
3464.77759	0.98239
3462.72378	0.98204
3460.66997	0.98179
3458.61616	0.98192
3456.56235	0.982
3454.50854	0.98197
3452.45473	0.98207
3450.40092	0.98205
3448.34711	0.98186
3446.2933	0.98175
3444.23949	0.98175
3442.18568	0.98187
3440.13187	0.98199
3438.07806	0.98184
3436.02425	0.98157
3433.97044	0.98136
3431.91663	0.98112
3429.86282	0.98081
3427.80901	0.98047
3425.7552	0.98036
3423.70139	0.98061
3421.64758	0.98101
3419.59377	0.98113
3417.53996	0.9809
3415.48615	0.98075
3413.43234	0.98085
3411.37853	0.98121
3409.32472	0.98163
3407.27091	0.98167
3405.2171	0.98127
3403.16329	0.98081
3401.10948	0.98044
3399.05567	0.98007
3397.00186	0.97996
3394.94805	0.98041
3392.89424	0.98088
3390.84042	0.98099
3388.78661	0.98106
3386.7328	0.98105
3384.67899	0.98085
3382.62518	0.9807
3380.57137	0.98062
3378.51756	0.98045
3376.46375	0.98017
3374.40994	0.97999
3372.35613	0.98014
3370.30232	0.98031
3368.24851	0.98022
3366.1947	0.98023
3364.14089	0.98044
3362.08708	0.98041
3360.03327	0.98006
3357.97946	0.97979
3355.92565	0.97989
3353.87184	0.98007
3351.81803	0.97998
3349.76422	0.97998
3347.71041	0.98014
3345.6566	0.98032
3343.60279	0.98061
3341.54898	0.98089
3339.49517	0.98098
3337.44136	0.98083
3335.38755	0.98047
3333.33374	0.98017
3331.27993	0.98011
3329.22612	0.98016
3327.17231	0.98008
3325.1185	0.97994
3323.06469	0.97994
3321.01088	0.98014
3318.95707	0.98046
3316.90326	0.98077
3314.84945	0.981
3312.79564	0.98101
3310.74183	0.9808
3308.68802	0.98075
3306.63421	0.98099
3304.5804	0.98124
3302.52659	0.98107
3300.47278	0.98048
3298.41897	0.98011
3296.36516	0.98042
3294.31135	0.98087
3292.25754	0.98099
3290.20373	0.98104
3288.14992	0.98099
3286.09611	0.98067
3284.0423	0.98044
3281.98849	0.98036
3279.93468	0.98036
3277.88087	0.98063
3275.82706	0.98093
3273.77325	0.98095
3271.71944	0.98087
3269.66563	0.981
3267.61182	0.98122
3265.55801	0.98119
3263.5042	0.98106
3261.45039	0.98098
3259.39658	0.98096
3257.34277	0.98106
3255.28896	0.9812
3253.23515	0.98114
3251.18134	0.98097
3249.12753	0.98111
3247.07372	0.98158
3245.01991	0.98187
3242.9661	0.98187
3240.91229	0.98187
3238.85848	0.98186
3236.80467	0.9818
3234.75086	0.98187
3232.69705	0.98194
3230.64324	0.98185
3228.58943	0.98167
3226.53562	0.98159
3224.48181	0.98177
3222.428	0.98206
3220.37419	0.98224
3218.32038	0.98216
3216.26657	0.98192
3214.21276	0.98192
3212.15895	0.98208
3210.10514	0.98175
3208.05133	0.98128
3205.99752	0.98141
3203.94371	0.9818
3201.8899	0.98208
3199.83609	0.98217
3197.78228	0.98205
3195.72847	0.9822
3193.67466	0.98242
3191.62085	0.98215
3189.56704	0.98171
3187.51323	0.98158
3185.45942	0.98177
3183.40561	0.98206
3181.3518	0.98217
3179.29799	0.98226
3177.24418	0.98237
3175.19037	0.9824
3173.13656	0.98246
3171.08275	0.98252
3169.02894	0.9825
3166.97513	0.98255
3164.92132	0.9827
3162.86751	0.98281
3160.8137	0.98286
3158.75989	0.98289
3156.70608	0.98262
3154.65227	0.98212
3152.59846	0.98207
3150.54465	0.98244
3148.49084	0.9827
3146.43703	0.98284
3144.38322	0.98305
3142.32941	0.98312
3140.2756	0.98285
3138.22179	0.98266
3136.16798	0.98286
3134.11417	0.98303
3132.06036	0.9829
3130.00655	0.98263
3127.95274	0.98241
3125.89893	0.98236
3123.84512	0.98253
3121.79131	0.98267
3119.7375	0.98264
3117.68369	0.98271
3115.62988	0.98289
3113.57607	0.98287
3111.52226	0.98255
3109.46845	0.9821
3107.41464	0.98179
3105.36083	0.98178
3103.30702	0.98222
3101.25321	0.98254
3099.1994	0.9822
3097.14559	0.9817
3095.09177	0.98148
3093.03796	0.98142
3090.98415	0.98129
3088.93034	0.98108
3086.87653	0.98088
3084.82272	0.98062
3082.76891	0.98035
3080.7151	0.98022
3078.66129	0.98025
3076.60748	0.9804
3074.55367	0.98047
3072.49986	0.98042
3070.44605	0.98031
3068.39224	0.98029
3066.33843	0.98048
3064.28462	0.98061
3062.23081	0.98047
3060.177	0.98044
3058.12319	0.98058
3056.06938	0.9805
3054.01557	0.98035
3051.96176	0.98022
3049.90795	0.97988
3047.85414	0.97935
3045.80033	0.97896
3043.74652	0.97886
3041.69271	0.97896
3039.6389	0.97917
3037.58509	0.97929
3035.53128	0.97903
3033.47747	0.97868
3031.42366	0.97862
3029.36985	0.97862
3027.31604	0.97858
3025.26223	0.97867
3023.20842	0.97875
3021.15461	0.97888
3019.1008	0.97912
3017.04699	0.97902
3014.99318	0.97857
3012.93937	0.97811
3010.88556	0.97782
3008.83175	0.97787
3006.77794	0.97799
3004.72413	0.97798
3002.67032	0.97796
3000.61651	0.97784
2998.5627	0.97764
2996.50889	0.97756
2994.45508	0.97744
2992.40127	0.97704
2990.34746	0.97642
2988.29365	0.97577
2986.23984	0.97515
2984.18603	0.97444
2982.13222	0.97366
2980.07841	0.97285
2978.0246	0.97181
2975.97079	0.97069
2973.91698	0.96985
2971.86317	0.96892
2969.80936	0.96741
2967.75555	0.96558
2965.70174	0.96389
2963.64793	0.96222
2961.59412	0.96023
2959.54031	0.95786
2957.4865	0.95506
2955.43269	0.95187
2953.37888	0.94847
2951.32507	0.94494
2949.27126	0.9408
2947.21745	0.93524
2945.16364	0.92781
2943.10983	0.91826
2941.05602	0.9063
2939.00221	0.89183
2936.9484	0.87509
2934.89459	0.85588
2932.84078	0.83354
2930.78697	0.80742
2928.73316	0.7769
2926.67935	0.74089
2924.62554	0.69775
2922.57173	0.64741
2920.51792	0.59313
2918.46411	0.54154
2916.4103	0.50269
2914.35649	0.48682
2912.30268	0.49659
2910.24887	0.5245
2908.19506	0.55983
2906.14125	0.5949
2904.08744	0.62564
2902.03363	0.65081
2899.97982	0.67129
2897.92601	0.68882
2895.8722	0.70489
2893.81839	0.72042
2891.76458	0.73593
2889.71077	0.75158
2887.65696	0.76743
2885.60315	0.78357
2883.54934	0.80006
2881.49553	0.81688
2879.44172	0.83358
2877.38791	0.84929
2875.3341	0.86293
2873.28029	0.87363
2871.22648	0.88081
2869.17267	0.88436
2867.11886	0.88431
2865.06505	0.88012
2863.01124	0.87047
2860.95743	0.85368
2858.90362	0.82751
2856.84981	0.78807
2854.796	0.73043
2852.74219	0.65398
2850.68838	0.57264
2848.63457	0.51721
2846.58076	0.5135
2844.52695	0.55776
2842.47314	0.62456
2840.41933	0.69078
2838.36552	0.74549
2836.31171	0.78733
2834.2579	0.81887
2832.20409	0.84272
2830.15028	0.861
2828.09647	0.87552
2826.04266	0.88733
2823.98885	0.89679
2821.93504	0.90443
2819.88123	0.91088
2817.82742	0.91641
2815.77361	0.92118
2813.7198	0.92533
2811.66599	0.92895
2809.61218	0.93219
2807.55837	0.93509
2805.50456	0.93764
2803.45075	0.93984
2801.39693	0.94172
2799.34312	0.94341
2797.28931	0.94517
2795.2355	0.94717
2793.18169	0.94911
2791.12788	0.9507
2789.07407	0.95213
2787.02026	0.95364
2784.96645	0.95505
2782.91264	0.95621
2780.85883	0.95717
2778.80502	0.95815
2776.75121	0.95927
2774.6974	0.96026
2772.64359	0.96092
2770.58978	0.96167
2768.53597	0.96263
2766.48216	0.96336
2764.42835	0.96386
2762.37454	0.96435
2760.32073	0.96491
2758.26692	0.96548
2756.21311	0.96596
2754.1593	0.9662
2752.10549	0.96623
2750.05168	0.96635
2747.99787	0.96653
2745.94406	0.96661
2743.89025	0.9668
2741.83644	0.96704
2739.78263	0.96712
2737.72882	0.96725
2735.67501	0.96752
2733.6212	0.96774
2731.56739	0.96794
2729.51358	0.96821
2727.45977	0.96852
2725.40596	0.96886
2723.35215	0.9692
2721.29834	0.96954
2719.24453	0.96987
2717.19072	0.97005
2715.13691	0.97005
2713.0831	0.97009
2711.02929	0.97036
2708.97548	0.97076
2706.92167	0.97111
2704.86786	0.9713
2702.81405	0.97122
2700.76024	0.97128
2698.70643	0.97173
2696.65262	0.97206
2694.59881	0.972
2692.545	0.97196
2690.49119	0.9721
2688.43738	0.9722
2686.38357	0.97219
2684.32976	0.9722
2682.27595	0.9722
2680.22214	0.97222
2678.16833	0.9722
2676.11452	0.972
2674.06071	0.97169
2672.0069	0.97127
2669.95309	0.97089
2667.89928	0.97071
2665.84547	0.97057
2663.79166	0.97036
2661.73785	0.9702
2659.68404	0.97019
2657.63023	0.97024
2655.57642	0.97038
2653.52261	0.97059
2651.4688	0.97069
2649.41499	0.97063
2647.36118	0.97051
2645.30737	0.97045
2643.25356	0.97051
2641.19975	0.97055
2639.14594	0.9705
2637.09213	0.97037
2635.03832	0.97006
2632.98451	0.96991
2630.9307	0.97026
2628.87689	0.97064
2626.82308	0.97085
2624.76927	0.97119
2622.71546	0.97173
2620.66165	0.97235
2618.60784	0.97288
2616.55403	0.97326
2614.50022	0.97354
2612.44641	0.97366
2610.3926	0.97376
2608.33879	0.97417
2606.28498	0.97481
2604.23117	0.97517
2602.17736	0.97513
2600.12355	0.9752
2598.06974	0.97576
2596.01593	0.97643
2593.96212	0.9767
2591.90831	0.97684
2589.8545	0.97715
2587.80069	0.97734
2585.74688	0.97734
2583.69307	0.97746
2581.63926	0.97786
2579.58545	0.97817
2577.53164	0.97814
2575.47783	0.97803
2573.42402	0.97823
2571.37021	0.97866
2569.3164	0.97901
2567.26259	0.97919
2565.20878	0.97918
2563.15497	0.97918
2561.10116	0.97922
2559.04735	0.97904
2556.99354	0.97881
2554.93973	0.97884
2552.88592	0.97906
2550.83211	0.97924
2548.7783	0.97919
2546.72449	0.97899
2544.67068	0.97892
2542.61687	0.97888
2540.56306	0.97904
2538.50925	0.97966
2536.45544	0.98032
2534.40163	0.98049
2532.34782	0.98038
2530.29401	0.98047
2528.2402	0.98015
2526.18639	0.97932
2524.13258	0.9792
2522.07877	0.97979
2520.02496	0.98006
2517.97115	0.98009
2515.91734	0.98045
2513.86353	0.98088
2511.80972	0.98118
2509.75591	0.98127
2507.7021	0.98114
2505.64828	0.98111
2503.59447	0.98118
2501.54066	0.98116
2499.48685	0.9811
2497.43304	0.98128
2495.37923	0.98173
2493.32542	0.98199
2491.27161	0.98184
2489.2178	0.98167
2487.16399	0.98192
2485.11018	0.98221
2483.05637	0.98204
2481.00256	0.98163
2478.94875	0.98138
2476.89494	0.98163
2474.84113	0.9824
2472.78732	0.98291
2470.73351	0.98266
2468.6797	0.98227
2466.62589	0.98213
2464.57208	0.9819
2462.51827	0.98164
2460.46446	0.98154
2458.41065	0.98156
2456.35684	0.98166
2454.30303	0.98179
2452.24922	0.98201
2450.19541	0.98238
2448.1416	0.98264
2446.08779	0.98277
2444.03398	0.98284
2441.98017	0.9827
2439.92636	0.98237
2437.87255	0.98209
2435.81874	0.98203
2433.76493	0.98222
2431.71112	0.98262
2429.65731	0.98306
2427.6035	0.98336
2425.54969	0.98331
2423.49588	0.98284
2421.44207	0.98258
2419.38826	0.98261
2417.33445	0.98243
2415.28064	0.98235
2413.22683	0.98249
2411.17302	0.98274
2409.11921	0.9831
2407.0654	0.98312
2405.01159	0.98276
2402.95778	0.98249
2400.90397	0.98239
2398.85016	0.98244
2396.79635	0.98251
2394.74254	0.98242
2392.68873	0.98244
2390.63492	0.98279
2388.58111	0.98319
2386.5273	0.98338
2384.47349	0.98338
2382.41968	0.98334
2380.36587	0.98335
2378.31206	0.98331
2376.25825	0.98313
2374.20444	0.98324
2372.15063	0.98382
2370.09682	0.98445
2368.04301	0.98458
2365.9892	0.98356
2363.93539	0.98242
2361.88158	0.98264
2359.82777	0.98306
2357.77396	0.98274
2355.72015	0.98239
2353.66634	0.98201
2351.61253	0.98139
2349.55872	0.98094
2347.50491	0.98085
2345.4511	0.98108
2343.39729	0.98131
2341.34348	0.9812
2339.28967	0.98106
2337.23586	0.98112
2335.18205	0.98112
2333.12824	0.98075
2331.07443	0.98032
2329.02062	0.98004
2326.96681	0.97948
2324.913	0.9789
2322.85919	0.97888
2320.80538	0.97933
2318.75157	0.97983
2316.69776	0.98035
2314.64395	0.98103
2312.59014	0.98152
2310.53633	0.98151
2308.48252	0.98149
2306.42871	0.98163
2304.3749	0.98144
2302.32109	0.98114
2300.26728	0.98105
2298.21347	0.98107
2296.15966	0.98119
2294.10585	0.98147
2292.05204	0.98181
2289.99823	0.98166
2287.94442	0.98116
2285.89061	0.98122
2283.8368	0.98161
2281.78299	0.9817
2279.72918	0.98171
2277.67537	0.98175
2275.62156	0.98198
2273.56775	0.98262
2271.51394	0.98313
2269.46013	0.98336
2267.40632	0.98406
2265.35251	0.9849
2263.2987	0.9851
2261.24489	0.98464
2259.19108	0.98382
2257.13727	0.98319
2255.08346	0.98315
2253.02965	0.98346
2250.97584	0.98404
2248.92203	0.98485
2246.86822	0.98511
2244.81441	0.98445
2242.7606	0.98389
2240.70679	0.98403
2238.65298	0.98416
2236.59917	0.98374
2234.54536	0.98325
2232.49155	0.98391
2230.43774	0.98516
2228.38393	0.9851
2226.33012	0.98385
2224.27631	0.98261
2222.2225	0.98234
2220.16869	0.98324
2218.11488	0.98429
2216.06107	0.98449
2214.00726	0.98429
2211.95344	0.98447
2209.89963	0.98459
2207.84582	0.98402
2205.79201	0.98325
2203.7382	0.98352
2201.68439	0.98452
2199.63058	0.98467
2197.57677	0.98404
2195.52296	0.98353
2193.46915	0.98291
2191.41534	0.98203
2189.36153	0.98106
2187.30772	0.98124
2185.25391	0.9835
2183.2001	0.9855
2181.14629	0.98461
2179.09248	0.98268
2177.03867	0.98287
2174.98486	0.984
2172.93105	0.98423
2170.87724	0.98457
2168.82343	0.98502
2166.76962	0.98431
2164.71581	0.98248
2162.662	0.9812
2160.60819	0.98295
2158.55438	0.98793
2156.50057	0.99176
2154.44676	0.99151
2152.39295	0.98894
2150.33914	0.98637
2148.28533	0.98477
2146.23152	0.98474
2144.17771	0.98551
2142.1239	0.98566
2140.07009	0.98556
2138.01628	0.98602
2135.96247	0.98692
2133.90866	0.98712
2131.85485	0.9867
2129.80104	0.98696
2127.74723	0.987
2125.69342	0.98613
2123.63961	0.9856
2121.5858	0.98569
2119.53199	0.98552
2117.47818	0.98465
2115.42437	0.98377
2113.37056	0.98368
2111.31675	0.98416
2109.26294	0.98471
2107.20913	0.98523
2105.15532	0.98551
2103.10151	0.98519
2101.0477	0.98485
2098.99389	0.98538
2096.94008	0.98603
2094.88627	0.98572
2092.83246	0.98476
2090.77865	0.9838
2088.72484	0.98363
2086.67103	0.98425
2084.61722	0.98452
2082.56341	0.98434
2080.5096	0.98441
2078.45579	0.98475
2076.40198	0.98496
2074.34817	0.98456
2072.29436	0.98381
2070.24055	0.98341
2068.18674	0.98345
2066.13293	0.98324
2064.07912	0.98304
2062.02531	0.98403
2059.9715	0.98543
2057.91769	0.98571
2055.86388	0.98521
2053.81007	0.98448
2051.75626	0.98342
2049.70245	0.98299
2047.64864	0.98358
2045.59483	0.98367
2043.54102	0.98404
2041.48721	0.98545
2039.4334	0.98595
2037.37959	0.98491
2035.32578	0.98321
2033.27197	0.98241
2031.21816	0.98335
2029.16435	0.9851
2027.11054	0.98655
2025.05673	0.98671
2023.00292	0.98561
2020.94911	0.98471
2018.8953	0.98486
2016.84149	0.98612
2014.78768	0.98779
2012.73387	0.98796
2010.68006	0.98617
2008.62625	0.98464
2006.57244	0.98543
2004.51863	0.98734
2002.46482	0.98727
2000.41101	0.98514
1998.3572	0.98403
1996.30339	0.98495
1994.24958	0.9862
1992.19577	0.98684
1990.14196	0.98719
1988.08815	0.98688
1986.03434	0.98535
1983.98053	0.98342
1981.92672	0.9825
1979.87291	0.98337
1977.8191	0.9847
1975.76529	0.98451
1973.71148	0.98363
1971.65767	0.98393
1969.60386	0.98528
1967.55005	0.98621
1965.49624	0.9861
1963.44243	0.98535
1961.38862	0.98438
1959.33481	0.98425
1957.281	0.98513
1955.22719	0.98575
1953.17338	0.98603
1951.11957	0.98609
1949.06576	0.98573
1947.01195	0.98545
1944.95814	0.98565
1942.90433	0.98605
1940.85052	0.9857
1938.79671	0.98512
1936.7429	0.98504
1934.68909	0.98509
1932.63528	0.98536
1930.58147	0.98543
1928.52766	0.9848
1926.47385	0.98434
1924.42004	0.98466
1922.36623	0.98536
1920.31242	0.9858
1918.25861	0.98558
1916.20479	0.98497
1914.15098	0.98433
1912.09717	0.98408
1910.04336	0.98427
1907.98955	0.9839
1905.93574	0.98314
1903.88193	0.9832
1901.82812	0.98366
1899.77431	0.98372
1897.7205	0.98348
1895.66669	0.98303
1893.61288	0.98258
1891.55907	0.98242
1889.50526	0.98259
1887.45145	0.98303
1885.39764	0.98346
1883.34383	0.98351
1881.29002	0.98351
1879.23621	0.9837
1877.1824	0.98369
1875.12859	0.98343
1873.07478	0.98315
1871.02097	0.98316
1868.96716	0.98356
1866.91335	0.98388
1864.85954	0.9836
1862.80573	0.98323
1860.75192	0.98351
1858.69811	0.98401
1856.6443	0.98403
1854.59049	0.9839
1852.53668	0.984
1850.48287	0.98409
1848.42906	0.98404
1846.37525	0.98382
1844.32144	0.98329
1842.26763	0.98268
1840.21382	0.98247
1838.16001	0.98263
1836.1062	0.98291
1834.05239	0.98328
1831.99858	0.9836
1829.94477	0.98344
1827.89096	0.98303
1825.83715	0.98296
1823.78334	0.98291
1821.72953	0.98256
1819.67572	0.98221
1817.62191	0.98216
1815.5681	0.98237
1813.51429	0.98236
1811.46048	0.98184
1809.40667	0.98107
1807.35286	0.98041
1805.29905	0.98005
1803.24524	0.98008
1801.19143	0.98011
1799.13762	0.97959
1797.08381	0.97888
1795.03	0.97848
1792.97619	0.97804
1790.92238	0.97719
1788.86857	0.9764
1786.81476	0.97599
1784.76095	0.97557
1782.70714	0.97512
1780.65333	0.97503
1778.59952	0.97527
1776.54571	0.97549
1774.4919	0.97537
1772.43809	0.97463
1770.38428	0.97369
1768.33047	0.97332
1766.27666	0.9733
1764.22285	0.97333
1762.16904	0.97323
1760.11523	0.97272
1758.06142	0.9718
1756.00761	0.97068
1753.9538	0.96994
1751.89999	0.96933
1749.84618	0.96794
1747.79237	0.96597
1745.73856	0.96398
1743.68475	0.96194
1741.63094	0.95997
1739.57713	0.95819
1737.52332	0.95706
1735.46951	0.95654
1733.4157	0.95584
1731.36189	0.95482
1729.30808	0.95321
1727.25427	0.95041
1725.20046	0.94639
1723.14665	0.94139
1721.09284	0.93676
1719.03903	0.93296
1716.98522	0.92895
1714.93141	0.92591
1712.8776	0.92541
1710.82379	0.92721
1708.76998	0.93051
1706.71617	0.93471
1704.66236	0.93909
1702.60855	0.94268
1700.55474	0.94596
1698.50093	0.94878
1696.44712	0.95168
1694.39331	0.95515
1692.3395	0.95791
1690.28569	0.96028
1688.23188	0.96235
1686.17807	0.96397
1684.12426	0.96539
1682.07045	0.96609
1680.01664	0.96634
1677.96283	0.96668
1675.90902	0.96718
1673.85521	0.9676
1671.8014	0.96787
1669.74759	0.96798
1667.69378	0.96802
1665.63997	0.96818
1663.58616	0.96835
1661.53235	0.96828
1659.47854	0.96813
1657.42473	0.96829
1655.37092	0.96879
1653.31711	0.96919
1651.2633	0.96914
1649.20949	0.96923
1647.15568	0.9693
1645.10187	0.96895
1643.04806	0.96856
1640.99425	0.96855
1638.94044	0.96899
1636.88663	0.96941
1634.83282	0.96906
1632.77901	0.96877
1630.7252	0.96904
1628.67139	0.96937
1626.61758	0.96948
1624.56377	0.96961
1622.50996	0.96981
1620.45614	0.96992
1618.40233	0.96999
1616.34852	0.96999
1614.29471	0.96993
1612.2409	0.97
1610.18709	0.97005
1608.13328	0.96988
1606.07947	0.96961
1604.02566	0.96952
1601.97185	0.96954
1599.91804	0.96957
1597.86423	0.96958
1595.81042	0.96952
1593.75661	0.96955
1591.7028	0.96981
1589.64899	0.97002
1587.59518	0.9701
1585.54137	0.97028
1583.48756	0.97062
1581.43375	0.97099
1579.37994	0.97127
1577.32613	0.97138
1575.27232	0.97133
1573.21851	0.97142
1571.1647	0.97172
1569.11089	0.97178
1567.05708	0.97141
1565.00327	0.97115
1562.94946	0.97119
1560.89565	0.9715
1558.84184	0.97143
1556.78803	0.9705
1554.73422	0.96977
1552.68041	0.96903
1550.6266	0.96824
1548.57279	0.96773
1546.51898	0.96765
1544.46517	0.96743
1542.41136	0.96687
1540.35755	0.96628
1538.30374	0.9657
1536.24993	0.9653
1534.19612	0.96486
1532.14231	0.96401
1530.0885	0.96321
1528.03469	0.96286
1525.98088	0.96283
1523.92707	0.96292
1521.87326	0.96257
1519.81945	0.96185
1517.76564	0.96129
1515.71183	0.96069
1513.65802	0.96017
1511.60421	0.96003
1509.5504	0.96021
1507.49659	0.96014
1505.44278	0.95896
1503.38897	0.95808
1501.33516	0.95788
1499.28135	0.95772
1497.22754	0.95738
1495.17373	0.95686
1493.11992	0.95646
1491.06611	0.95598
1489.0123	0.95478
1486.95849	0.95297
1484.90468	0.95091
1482.85087	0.94784
1480.79706	0.94185
1478.74325	0.92743
1476.68944	0.88919
1474.63563	0.81697
1472.58182	0.752
1470.52801	0.75513
1468.4742	0.78949
1466.42039	0.80712
1464.36658	0.79707
1462.31277	0.79151
1460.25896	0.81546
1458.20515	0.85752
1456.15134	0.89124
1454.09753	0.90486
1452.04372	0.91226
1449.98991	0.91815
1447.9361	0.9225
1445.88229	0.92554
1443.82848	0.92766
1441.77467	0.92931
1439.72086	0.93084
1437.66705	0.93251
1435.61324	0.93413
1433.55943	0.93562
1431.50562	0.93744
1429.45181	0.93942
1427.398	0.94109
1425.34419	0.94233
1423.29038	0.94324
1421.23657	0.94382
1419.18276	0.94391
1417.12895	0.94331
1415.07514	0.9425
1413.02133	0.94192
1410.96752	0.94197
1408.91371	0.94288
1406.8599	0.94447
1404.80609	0.94659
1402.75228	0.94894
1400.69847	0.95117
1398.64466	0.95299
1396.59085	0.95412
1394.53704	0.95478
1392.48323	0.95534
1390.42942	0.95587
1388.37561	0.9562
1386.3218	0.95593
1384.26799	0.955
1382.21418	0.95356
1380.16037	0.95185
1378.10656	0.95028
1376.05275	0.94918
1373.99894	0.94859
1371.94513	0.94832
1369.89132	0.9484
1367.83751	0.94902
1365.7837	0.95013
1363.72989	0.95135
1361.67608	0.95223
1359.62227	0.95279
1357.56846	0.95316
1355.51465	0.95339
1353.46084	0.95364
1351.40703	0.95399
1349.35322	0.95473
1347.29941	0.95581
1345.2456	0.95662
1343.19179	0.95707
1341.13798	0.9576
1339.08417	0.95837
1337.03036	0.95896
1334.97655	0.95928
1332.92274	0.95946
1330.86893	0.95945
1328.81512	0.95924
1326.7613	0.95887
1324.70749	0.95837
1322.65368	0.95773
1320.59987	0.95701
1318.54606	0.95627
1316.49225	0.95556
1314.43844	0.95492
1312.38463	0.95438
1310.33082	0.95391
1308.27701	0.95334
1306.2232	0.95265
1304.16939	0.95225
1302.11558	0.9523
1300.06177	0.95237
1298.00796	0.9522
1295.95415	0.9519
1293.90034	0.9518
1291.84653	0.95209
1289.79272	0.95247
1287.73891	0.95259
1285.6851	0.95251
1283.63129	0.95248
1281.57748	0.95261
1279.52367	0.95276
1277.46986	0.95283
1275.41605	0.95296
1273.36224	0.95315
1271.30843	0.9533
1269.25462	0.95336
1267.20081	0.95331
1265.147	0.95316
1263.09319	0.95286
1261.03938	0.95237
1258.98557	0.95193
1256.93176	0.95156
1254.87795	0.95113
1252.82414	0.95078
1250.77033	0.95056
1248.71652	0.95028
1246.66271	0.94982
1244.6089	0.94927
1242.55509	0.94875
1240.50128	0.94819
1238.44747	0.94755
1236.39366	0.94701
1234.33985	0.94659
1232.28604	0.94611
1230.23223	0.94583
1228.17842	0.94584
1226.12461	0.94573
1224.0708	0.94524
1222.01699	0.94463
1219.96318	0.94429
1217.90937	0.94433
1215.85556	0.94451
1213.80175	0.94461
1211.74794	0.94453
1209.69413	0.94429
1207.64032	0.94412
1205.58651	0.94426
1203.5327	0.9445
1201.47889	0.94447
1199.42508	0.94412
1197.37127	0.94369
1195.31746	0.94335
1193.26365	0.94316
1191.20984	0.94302
1189.15603	0.9428
1187.10222	0.94241
1185.04841	0.94191
1182.9946	0.94139
1180.94079	0.94086
1178.88698	0.9403
1176.83317	0.93979
1174.77936	0.9396
1172.72555	0.93948
1170.67174	0.93905
1168.61793	0.93863
1166.56412	0.93858
1164.51031	0.93875
1162.4565	0.93906
1160.40269	0.93939
1158.34888	0.93974
1156.29507	0.9403
1154.24126	0.941
1152.18745	0.94159
1150.13364	0.94197
1148.07983	0.9422
1146.02602	0.94231
1143.97221	0.94237
1141.9184	0.9424
1139.86459	0.94234
1137.81078	0.94218
1135.75697	0.94187
1133.70316	0.94137
1131.64935	0.94082
1129.59554	0.94026
1127.54173	0.93959
1125.48792	0.93876
1123.43411	0.93801
1121.3803	0.93746
1119.32649	0.93691
1117.27268	0.93639
1115.21887	0.93606
1113.16506	0.93573
1111.11125	0.9353
1109.05744	0.93491
1107.00363	0.93453
1104.94982	0.93413
1102.89601	0.93379
1100.8422	0.93345
1098.78839	0.93312
1096.73458	0.93298
1094.68077	0.93284
1092.62696	0.93237
1090.57315	0.93189
1088.51934	0.93182
1086.46553	0.93186
1084.41172	0.93164
1082.35791	0.93146
1080.3041	0.93181
1078.25029	0.93218
1076.19648	0.93206
1074.14267	0.93186
1072.08886	0.93201
1070.03505	0.93231
1067.98124	0.93263
1065.92743	0.93291
1063.87362	0.93308
1061.81981	0.93319
1059.766	0.93337
1057.71219	0.93366
1055.65838	0.93397
1053.60457	0.93434
1051.55076	0.93471
1049.49695	0.93508
1047.44314	0.93559
1045.38933	0.93595
1043.33552	0.93593
1041.28171	0.93588
1039.2279	0.9362
1037.17409	0.93687
1035.12028	0.93766
1033.06647	0.93838
1031.01265	0.93882
1028.95884	0.93907
1026.90503	0.93944
1024.85122	0.93989
1022.79741	0.94046
1020.7436	0.94113
1018.68979	0.94148
1016.63598	0.94175
1014.58217	0.94237
1012.52836	0.94307
1010.47455	0.94365
1008.42074	0.94411
1006.36693	0.94454
1004.31312	0.94498
1002.25931	0.9454
1000.2055	0.94586
998.15169	0.94624
996.09788	0.94642
994.04407	0.94665
991.99026	0.94706
989.93645	0.94762
987.88264	0.94846
985.82883	0.9493
983.77502	0.94998
981.72121	0.95065
979.6674	0.95105
977.61359	0.95113
975.55978	0.95121
973.50597	0.95137
971.45216	0.9515
969.39835	0.95173
967.34454	0.95205
965.29073	0.95221
963.23692	0.95216
961.18311	0.9522
959.1293	0.95239
957.07549	0.95238
955.02168	0.95221
952.96787	0.95232
950.91406	0.95269
948.86025	0.95288
946.80644	0.95279
944.75263	0.95267
942.69882	0.95279
940.64501	0.95301
938.5912	0.95307
936.53739	0.95307
934.48358	0.9532
932.42977	0.95346
930.37596	0.95369
928.32215	0.9538
926.26834	0.95401
924.21453	0.95412
922.16072	0.95395
920.10691	0.95374
918.0531	0.9534
915.99929	0.95284
913.94548	0.95217
911.89167	0.95136
909.83786	0.95062
907.78405	0.95064
905.73024	0.95148
903.67643	0.9526
901.62262	0.9538
899.56881	0.95483
897.515	0.95554
895.46119	0.95622
893.40738	0.95684
891.35357	0.95716
889.29976	0.9573
887.24595	0.95727
885.19214	0.95685
883.13833	0.95607
881.08452	0.95523
879.03071	0.9545
876.9769	0.95378
874.92309	0.95332
872.86928	0.95358
870.81547	0.95443
868.76166	0.9553
866.70785	0.95564
864.65404	0.95531
862.60023	0.95477
860.54642	0.95457
858.49261	0.95487
856.4388	0.95535
854.38499	0.95613
852.33118	0.95727
850.27737	0.95824
848.22356	0.95892
846.16975	0.95921
844.11594	0.95889
842.06213	0.95848
840.00832	0.95841
837.95451	0.95873
835.9007	0.95918
833.84689	0.95936
831.79308	0.95925
829.73927	0.95882
827.68546	0.95795
825.63165	0.95722
823.57784	0.95729
821.52403	0.95774
819.47022	0.95789
817.41641	0.95757
815.3626	0.95698
813.30879	0.95641
811.25498	0.95612
809.20117	0.95618
807.14736	0.95621
805.09355	0.95613
803.03974	0.9561
800.98593	0.95618
798.93212	0.95609
796.87831	0.95577
794.8245	0.95554
792.77069	0.95561
790.71688	0.95595
788.66307	0.95605
786.60926	0.95569
784.55545	0.9554
782.50164	0.95541
780.44783	0.95579
778.39402	0.95665
776.34021	0.95702
774.2864	0.95629
772.23259	0.95548
770.17878	0.95519
768.12497	0.95533
766.07116	0.95535
764.01735	0.95458
761.96354	0.95348
759.90973	0.95301
757.85592	0.95325
755.80211	0.95349
753.7483	0.95324
751.69449	0.95263
749.64068	0.95207
747.58687	0.95168
745.53306	0.95098
743.47925	0.9499
741.42544	0.94849
739.37163	0.94579
737.31781	0.93895
735.264	0.91925
733.21019	0.87837
731.15638	0.83624
729.10257	0.82886
727.04876	0.84941
724.99495	0.8589
722.94114	0.83524
720.88733	0.78158
718.83352	0.73201
716.77971	0.72637
714.7259	0.76726
712.67209	0.82534
710.61828	0.87007
708.56447	0.89474
706.51066	0.90796
704.45685	0.91622
702.40304	0.92177
700.34923	0.92533
698.29542	0.92782
696.24161	0.92962
694.1878	0.9306
692.13399	0.93106
690.08018	0.93141
688.02637	0.93233
685.97256	0.93341
683.91875	0.93367
681.86494	0.93348
679.81113	0.93342
677.75732	0.93386
675.70351	0.93454
673.6497	0.93498
671.59589	0.93543
669.54208	0.93608
667.48827	0.93647
665.43446	0.93599
663.38065	0.93555
661.32684	0.93559
659.27303	0.93575
657.21922	0.93594
655.16541	0.93633
653.1116	0.93671
651.05779	0.93683
649.00398	0.93681
646.95017	0.93687
644.89636	0.93691
642.84255	0.9366
640.78874	0.93631
638.73493	0.93654
636.68112	0.93659
634.62731	0.93634
632.5735	0.93656
630.51969	0.93662
628.46588	0.93569
626.41207	0.93456
624.35826	0.93404
622.30445	0.93394
620.25064	0.93433
618.19683	0.93533
616.14302	0.93625
614.08921	0.93652
612.0354	0.93632
609.98159	0.93581
607.92778	0.93533
605.87397	0.93484
603.82016	0.93435
601.76635	0.93456
599.71254	0.93519
597.65873	0.93532
595.60492	0.9349
593.55111	0.93447
591.4973	0.93436
589.44349	0.93427
587.38968	0.93399
585.33587	0.93408
583.28206	0.93418
581.22825	0.93403
579.17444	0.93443
577.12063	0.93454
575.06682	0.93356
573.01301	0.93243
570.9592	0.93196
568.90539	0.93213
566.85158	0.93265
564.79777	0.93286
562.74396	0.93258
560.69015	0.93201
558.63634	0.93101
556.58253	0.93055
554.52872	0.93148
552.47491	0.93243
550.4211	0.93241
548.36729	0.93167
546.31348	0.93089
544.25967	0.93097
542.20586	0.93141
540.15205	0.93083
538.09824	0.92947
536.04443	0.92852
533.99062	0.92849
531.93681	0.92955
529.883	0.93057
527.82919	0.93076
525.77538	0.93147
523.72157	0.93255
521.66776	0.93258
519.61395	0.93174
517.56014	0.93142
515.50633	0.93273
513.45252	0.93458
511.39871	0.93454
509.3449	0.93254
507.29109	0.9311
505.23728	0.93149
503.18347	0.9322
501.12966	0.93207
499.07585	0.93219
497.02204	0.93268
494.96823	0.93247
492.91442	0.93183
490.86061	0.93163
488.8068	0.93112
486.75299	0.92927
484.69918	0.92742
482.64537	0.92633
480.59156	0.92589
478.53775	0.9262
476.48394	0.92583
474.43013	0.92416
472.37632	0.9234
470.32251	0.92456
468.2687	0.92466
466.21489	0.92341
464.16108	0.92414
462.10727	0.9263
460.05346	0.92739
457.99965	0.92699
455.94584	0.92573
453.89203	0.92601
451.83822	0.92686
449.78441	0.92547
447.7306	0.92443
445.67679	0.9255
443.62298	0.92598
441.56916	0.9261
439.51535	0.92748
437.46154	0.92815
435.40773	0.92738
433.35392	0.92672
431.30011	0.92637
429.2463	0.92654
427.19249	0.92747
425.13868	0.92828
423.08487	0.92769
421.03106	0.92777
418.97725	0.93117
416.92344	0.93412
414.86963	0.93595
412.81582	0.93648
410.76201	0.93387
408.7082	0.93083
406.65439	0.92895
404.60058	0.92988
402.54677	0.93291
400.49296	0.93256
398.43915	0.92987
KMeans Clustering	0.0
Spectral Clustering	4.0
Agglomerative Clustering	3.0
