Numero de onda	Muestra 804
3996.7144	0.98558
3994.66059	0.98564
3992.60678	0.98576
3990.55297	0.98579
3988.49916	0.98567
3986.44535	0.98569
3984.39154	0.98575
3982.33773	0.98583
3980.28391	0.98607
3978.2301	0.98594
3976.17629	0.98546
3974.12248	0.98534
3972.06867	0.98563
3970.01486	0.98585
3967.96105	0.98593
3965.90724	0.98605
3963.85343	0.9861
3961.79962	0.9861
3959.74581	0.98599
3957.692	0.98579
3955.63819	0.98578
3953.58438	0.98583
3951.53057	0.98578
3949.47676	0.98571
3947.42295	0.98569
3945.36914	0.98573
3943.31533	0.98575
3941.26152	0.98574
3939.20771	0.98573
3937.1539	0.98563
3935.10009	0.98551
3933.04628	0.98562
3930.99247	0.9858
3928.93866	0.98591
3926.88485	0.98615
3924.83104	0.9863
3922.77723	0.98608
3920.72342	0.98583
3918.66961	0.98573
3916.6158	0.98558
3914.56199	0.98555
3912.50818	0.98557
3910.45437	0.9855
3908.40056	0.98547
3906.34675	0.98546
3904.29294	0.98563
3902.23913	0.98587
3900.18532	0.98595
3898.13151	0.98607
3896.0777	0.98601
3894.02389	0.9857
3891.97008	0.98543
3889.91627	0.98541
3887.86246	0.98569
3885.80865	0.986
3883.75484	0.98607
3881.70103	0.98601
3879.64722	0.98574
3877.59341	0.98528
3875.5396	0.98498
3873.48579	0.98529
3871.43198	0.98605
3869.37817	0.9864
3867.32436	0.98617
3865.27055	0.98587
3863.21674	0.98561
3861.16293	0.98576
3859.10912	0.98608
3857.05531	0.98587
3855.0015	0.98529
3852.94769	0.98531
3850.89388	0.98563
3848.84007	0.98536
3846.78626	0.98515
3844.73245	0.98556
3842.67864	0.9861
3840.62483	0.98602
3838.57102	0.98576
3836.51721	0.98579
3834.4634	0.98558
3832.40959	0.98533
3830.35578	0.9857
3828.30197	0.98638
3826.24816	0.98669
3824.19435	0.98649
3822.14054	0.98617
3820.08673	0.98595
3818.03292	0.98578
3815.97911	0.98579
3813.9253	0.98605
3811.87149	0.98639
3809.81768	0.98656
3807.76387	0.98632
3805.71006	0.98582
3803.65625	0.98536
3801.60244	0.98506
3799.54863	0.98522
3797.49482	0.98559
3795.44101	0.98563
3793.3872	0.98564
3791.33339	0.98602
3789.27958	0.98626
3787.22577	0.98618
3785.17196	0.98619
3783.11815	0.98636
3781.06434	0.98661
3779.01053	0.98667
3776.95672	0.98639
3774.90291	0.98598
3772.8491	0.9857
3770.79529	0.98595
3768.74148	0.98669
3766.68767	0.98699
3764.63386	0.98638
3762.58005	0.98559
3760.52624	0.98546
3758.47243	0.98601
3756.41862	0.98663
3754.36481	0.98699
3752.311	0.98714
3750.25719	0.98695
3748.20338	0.98659
3746.14957	0.98641
3744.09576	0.98662
3742.04195	0.98711
3739.98814	0.98731
3737.93433	0.98698
3735.88052	0.98667
3733.82671	0.98682
3731.7729	0.98687
3729.71909	0.98702
3727.66528	0.98742
3725.61147	0.98772
3723.55766	0.98764
3721.50385	0.98736
3719.45004	0.98704
3717.39623	0.98656
3715.34242	0.98602
3713.28861	0.98569
3711.2348	0.98559
3709.18099	0.98549
3707.12718	0.98564
3705.07337	0.98601
3703.01956	0.98612
3700.96575	0.98587
3698.91194	0.98571
3696.85813	0.98602
3694.80432	0.98649
3692.75051	0.98652
3690.6967	0.98614
3688.64289	0.9859
3686.58907	0.98607
3684.53526	0.98619
3682.48145	0.986
3680.42764	0.98567
3678.37383	0.98544
3676.32002	0.98537
3674.26621	0.98561
3672.2124	0.98582
3670.15859	0.98586
3668.10478	0.98583
3666.05097	0.98586
3663.99716	0.98598
3661.94335	0.9862
3659.88954	0.9865
3657.83573	0.98653
3655.78192	0.98628
3653.72811	0.98612
3651.6743	0.98598
3649.62049	0.98615
3647.56668	0.98652
3645.51287	0.9865
3643.45906	0.98626
3641.40525	0.98583
3639.35144	0.98534
3637.29763	0.98512
3635.24382	0.98533
3633.19001	0.98583
3631.1362	0.98598
3629.08239	0.98565
3627.02858	0.98568
3624.97477	0.98593
3622.92096	0.98601
3620.86715	0.98588
3618.81334	0.98548
3616.75953	0.98536
3614.70572	0.98562
3612.65191	0.98578
3610.5981	0.98572
3608.54429	0.98534
3606.49048	0.98484
3604.43667	0.9847
3602.38286	0.98493
3600.32905	0.9853
3598.27524	0.98557
3596.22143	0.98554
3594.16762	0.98531
3592.11381	0.9853
3590.06	0.98558
3588.00619	0.98594
3585.95238	0.98614
3583.89857	0.98615
3581.84476	0.98603
3579.79095	0.98575
3577.73714	0.98553
3575.68333	0.9856
3573.62952	0.98577
3571.57571	0.98602
3569.5219	0.98623
3567.46809	0.98606
3565.41428	0.98587
3563.36047	0.98599
3561.30666	0.98625
3559.25285	0.98644
3557.19904	0.98613
3555.14523	0.98551
3553.09142	0.9852
3551.03761	0.98539
3548.9838	0.98575
3546.92999	0.98583
3544.87618	0.98561
3542.82237	0.98553
3540.76856	0.98567
3538.71475	0.98575
3536.66094	0.98579
3534.60713	0.98587
3532.55332	0.98567
3530.49951	0.98533
3528.4457	0.98542
3526.39189	0.98557
3524.33808	0.98541
3522.28427	0.98538
3520.23046	0.98555
3518.17665	0.98562
3516.12284	0.98566
3514.06903	0.98573
3512.01522	0.98581
3509.96141	0.98579
3507.9076	0.98565
3505.85379	0.98553
3503.79998	0.98534
3501.74617	0.98499
3499.69236	0.98472
3497.63855	0.98461
3495.58474	0.98455
3493.53093	0.98449
3491.47712	0.98454
3489.42331	0.9847
3487.3695	0.98492
3485.31569	0.98509
3483.26188	0.98521
3481.20807	0.98539
3479.15426	0.98535
3477.10045	0.98508
3475.04664	0.98494
3472.99283	0.98513
3470.93902	0.98549
3468.88521	0.98548
3466.8314	0.98515
3464.77759	0.98494
3462.72378	0.98492
3460.66997	0.98503
3458.61616	0.98514
3456.56235	0.98522
3454.50854	0.98523
3452.45473	0.98517
3450.40092	0.9853
3448.34711	0.98554
3446.2933	0.98553
3444.23949	0.98557
3442.18568	0.98582
3440.13187	0.98573
3438.07806	0.98521
3436.02425	0.98476
3433.97044	0.9847
3431.91663	0.98481
3429.86282	0.98492
3427.80901	0.98502
3425.7552	0.98505
3423.70139	0.98493
3421.64758	0.98469
3419.59377	0.98459
3417.53996	0.98486
3415.48615	0.98514
3413.43234	0.98497
3411.37853	0.98474
3409.32472	0.98494
3407.27091	0.98517
3405.2171	0.98502
3403.16329	0.98473
3401.10948	0.98448
3399.05567	0.98431
3397.00186	0.98426
3394.94805	0.98416
3392.89424	0.98405
3390.84042	0.98412
3388.78661	0.98419
3386.7328	0.98426
3384.67899	0.98435
3382.62518	0.98429
3380.57137	0.98424
3378.51756	0.98438
3376.46375	0.98463
3374.40994	0.98484
3372.35613	0.98492
3370.30232	0.9848
3368.24851	0.98461
3366.1947	0.98459
3364.14089	0.98454
3362.08708	0.98437
3360.03327	0.98446
3357.97946	0.98483
3355.92565	0.985
3353.87184	0.98476
3351.81803	0.98458
3349.76422	0.98467
3347.71041	0.98481
3345.6566	0.98501
3343.60279	0.98506
3341.54898	0.98488
3339.49517	0.98473
3337.44136	0.98464
3335.38755	0.98472
3333.33374	0.98489
3331.27993	0.98489
3329.22612	0.98485
3327.17231	0.98484
3325.1185	0.9848
3323.06469	0.98489
3321.01088	0.98499
3318.95707	0.98488
3316.90326	0.98482
3314.84945	0.98481
3312.79564	0.98479
3310.74183	0.98486
3308.68802	0.98482
3306.63421	0.98455
3304.5804	0.98436
3302.52659	0.9844
3300.47278	0.98461
3298.41897	0.98467
3296.36516	0.98452
3294.31135	0.98453
3292.25754	0.98466
3290.20373	0.98478
3288.14992	0.98501
3286.09611	0.98508
3284.0423	0.98476
3281.98849	0.98457
3279.93468	0.98467
3277.88087	0.98468
3275.82706	0.98466
3273.77325	0.98476
3271.71944	0.98494
3269.66563	0.98535
3267.61182	0.98567
3265.55801	0.98553
3263.5042	0.98517
3261.45039	0.9851
3259.39658	0.98553
3257.34277	0.98594
3255.28896	0.98584
3253.23515	0.98548
3251.18134	0.98542
3249.12753	0.98575
3247.07372	0.98602
3245.01991	0.98584
3242.9661	0.98542
3240.91229	0.98537
3238.85848	0.98551
3236.80467	0.98552
3234.75086	0.98547
3232.69705	0.98524
3230.64324	0.98484
3228.58943	0.98477
3226.53562	0.98513
3224.48181	0.98543
3222.428	0.98545
3220.37419	0.98533
3218.32038	0.98545
3216.26657	0.98574
3214.21276	0.98576
3212.15895	0.98554
3210.10514	0.98545
3208.05133	0.98549
3205.99752	0.98549
3203.94371	0.98546
3201.8899	0.98572
3199.83609	0.98611
3197.78228	0.9861
3195.72847	0.98576
3193.67466	0.9855
3191.62085	0.98543
3189.56704	0.98546
3187.51323	0.9855
3185.45942	0.98564
3183.40561	0.98596
3181.3518	0.98612
3179.29799	0.98588
3177.24418	0.98583
3175.19037	0.98611
3173.13656	0.98615
3171.08275	0.98595
3169.02894	0.98597
3166.97513	0.98622
3164.92132	0.98649
3162.86751	0.98663
3160.8137	0.98658
3158.75989	0.9864
3156.70608	0.98624
3154.65227	0.98603
3152.59846	0.98584
3150.54465	0.98592
3148.49084	0.98605
3146.43703	0.9859
3144.38322	0.98561
3142.32941	0.98557
3140.2756	0.98585
3138.22179	0.98607
3136.16798	0.98606
3134.11417	0.98595
3132.06036	0.98595
3130.00655	0.98596
3127.95274	0.98589
3125.89893	0.98583
3123.84512	0.98592
3121.79131	0.98628
3119.7375	0.98659
3117.68369	0.98655
3115.62988	0.9864
3113.57607	0.98639
3111.52226	0.98636
3109.46845	0.98624
3107.41464	0.98623
3105.36083	0.98642
3103.30702	0.98645
3101.25321	0.98606
3099.1994	0.9855
3097.14559	0.98507
3095.09177	0.98498
3093.03796	0.98514
3090.98415	0.9851
3088.93034	0.98476
3086.87653	0.98457
3084.82272	0.98481
3082.76891	0.98512
3080.7151	0.98516
3078.66129	0.98529
3076.60748	0.98552
3074.55367	0.98541
3072.49986	0.98504
3070.44605	0.98484
3068.39224	0.98497
3066.33843	0.98525
3064.28462	0.9853
3062.23081	0.98522
3060.177	0.98525
3058.12319	0.98514
3056.06938	0.98491
3054.01557	0.98476
3051.96176	0.98458
3049.90795	0.98448
3047.85414	0.98469
3045.80033	0.98491
3043.74652	0.98483
3041.69271	0.98473
3039.6389	0.98476
3037.58509	0.9847
3035.53128	0.98446
3033.47747	0.9842
3031.42366	0.9842
3029.36985	0.98427
3027.31604	0.98407
3025.26223	0.98386
3023.20842	0.98391
3021.15461	0.98393
3019.1008	0.98364
3017.04699	0.98345
3014.99318	0.98365
3012.93937	0.98382
3010.88556	0.98372
3008.83175	0.98357
3006.77794	0.98352
3004.72413	0.98357
3002.67032	0.98352
3000.61651	0.98339
2998.5627	0.98341
2996.50889	0.98351
2994.45508	0.98349
2992.40127	0.98333
2990.34746	0.98317
2988.29365	0.98286
2986.23984	0.98241
2984.18603	0.98222
2982.13222	0.98187
2980.07841	0.9811
2978.0246	0.98045
2975.97079	0.98005
2973.91698	0.97965
2971.86317	0.97895
2969.80936	0.97792
2967.75555	0.97688
2965.70174	0.97585
2963.64793	0.97452
2961.59412	0.97291
2959.54031	0.97125
2957.4865	0.96958
2955.43269	0.96798
2953.37888	0.96604
2951.32507	0.96347
2949.27126	0.96039
2947.21745	0.95651
2945.16364	0.95129
2943.10983	0.94442
2941.05602	0.93605
2939.00221	0.92622
2936.9484	0.91438
2934.89459	0.90008
2932.84078	0.8834
2930.78697	0.86444
2928.73316	0.84276
2926.67935	0.81743
2924.62554	0.78756
2922.57173	0.75294
2920.51792	0.71469
2918.46411	0.67646
2916.4103	0.64578
2914.35649	0.63235
2912.30268	0.64036
2910.24887	0.66365
2908.19506	0.69184
2906.14125	0.71807
2904.08744	0.73981
2902.03363	0.75677
2899.97982	0.77013
2897.92601	0.78141
2895.8722	0.79171
2893.81839	0.80189
2891.76458	0.81243
2889.71077	0.82333
2887.65696	0.83458
2885.60315	0.84623
2883.54934	0.85832
2881.49553	0.87067
2879.44172	0.88281
2877.38791	0.89414
2875.3341	0.90408
2873.28029	0.912
2871.22648	0.91742
2869.17267	0.91991
2867.11886	0.91943
2865.06505	0.91611
2863.01124	0.90927
2860.95743	0.89745
2858.90362	0.87887
2856.84981	0.85134
2854.796	0.81252
2852.74219	0.76219
2850.68838	0.70727
2848.63457	0.66514
2846.58076	0.65409
2844.52695	0.67668
2842.47314	0.71908
2840.41933	0.76493
2838.36552	0.80458
2836.31171	0.83575
2834.2579	0.85973
2832.20409	0.87793
2830.15028	0.89176
2828.09647	0.90267
2826.04266	0.91164
2823.98885	0.91905
2821.93504	0.92509
2819.88123	0.93012
2817.82742	0.93444
2815.77361	0.93813
2813.7198	0.94134
2811.66599	0.94417
2809.61218	0.94669
2807.55837	0.94896
2805.50456	0.95083
2803.45075	0.95244
2801.39693	0.95417
2799.34312	0.95597
2797.28931	0.95746
2795.2355	0.95867
2793.18169	0.95986
2791.12788	0.96102
2789.07407	0.96216
2787.02026	0.96334
2784.96645	0.96444
2782.91264	0.96541
2780.85883	0.96622
2778.80502	0.96672
2776.75121	0.96705
2774.6974	0.96771
2772.64359	0.96858
2770.58978	0.96921
2768.53597	0.96975
2766.48216	0.97043
2764.42835	0.97101
2762.37454	0.9714
2760.32073	0.97174
2758.26692	0.97209
2756.21311	0.9724
2754.1593	0.97264
2752.10549	0.97275
2750.05168	0.97271
2747.99787	0.9727
2745.94406	0.97278
2743.89025	0.97302
2741.83644	0.97339
2739.78263	0.97347
2737.72882	0.97326
2735.67501	0.97328
2733.6212	0.97341
2731.56739	0.97346
2729.51358	0.97369
2727.45977	0.97409
2725.40596	0.9744
2723.35215	0.9745
2721.29834	0.9745
2719.24453	0.97465
2717.19072	0.97492
2715.13691	0.97514
2713.0831	0.9753
2711.02929	0.97554
2708.97548	0.97582
2706.92167	0.97602
2704.86786	0.97615
2702.81405	0.97628
2700.76024	0.97651
2698.70643	0.9767
2696.65262	0.97663
2694.59881	0.97659
2692.545	0.9767
2690.49119	0.97672
2688.43738	0.97672
2686.38357	0.97684
2684.32976	0.97693
2682.27595	0.97678
2680.22214	0.97651
2678.16833	0.97642
2676.11452	0.97657
2674.06071	0.97661
2672.0069	0.97624
2669.95309	0.97579
2667.89928	0.97569
2665.84547	0.97576
2663.79166	0.97562
2661.73785	0.97537
2659.68404	0.97532
2657.63023	0.97541
2655.57642	0.97551
2653.52261	0.97567
2651.4688	0.97581
2649.41499	0.97595
2647.36118	0.97609
2645.30737	0.97601
2643.25356	0.97583
2641.19975	0.97572
2639.14594	0.97564
2637.09213	0.97566
2635.03832	0.97572
2632.98451	0.97566
2630.9307	0.97575
2628.87689	0.97614
2626.82308	0.97655
2624.76927	0.97679
2622.71546	0.97695
2620.66165	0.97735
2618.60784	0.97786
2616.55403	0.97808
2614.50022	0.97828
2612.44641	0.97865
2610.3926	0.9789
2608.33879	0.97908
2606.28498	0.97912
2604.23117	0.97894
2602.17736	0.97877
2600.12355	0.97875
2598.06974	0.97902
2596.01593	0.97944
2593.96212	0.97957
2591.90831	0.97938
2589.8545	0.97938
2587.80069	0.97968
2585.74688	0.97984
2583.69307	0.97996
2581.63926	0.98029
2579.58545	0.98044
2577.53164	0.98021
2575.47783	0.98002
2573.42402	0.98027
2571.37021	0.98084
2569.3164	0.98131
2567.26259	0.98164
2565.20878	0.98191
2563.15497	0.98188
2561.10116	0.98169
2559.04735	0.98167
2556.99354	0.98186
2554.93973	0.98206
2552.88592	0.98198
2550.83211	0.98184
2548.7783	0.98204
2546.72449	0.98224
2544.67068	0.98208
2542.61687	0.9818
2540.56306	0.98163
2538.50925	0.98154
2536.45544	0.98169
2534.40163	0.98201
2532.34782	0.98215
2530.29401	0.98207
2528.2402	0.98189
2526.18639	0.98178
2524.13258	0.98189
2522.07877	0.98213
2520.02496	0.98239
2517.97115	0.98247
2515.91734	0.98241
2513.86353	0.9828
2511.80972	0.98345
2509.75591	0.98356
2507.7021	0.9833
2505.64828	0.98318
2503.59447	0.98305
2501.54066	0.98289
2499.48685	0.98288
2497.43304	0.98299
2495.37923	0.98311
2493.32542	0.98311
2491.27161	0.98321
2489.2178	0.98351
2487.16399	0.98336
2485.11018	0.98272
2483.05637	0.98239
2481.00256	0.98272
2478.94875	0.98338
2476.89494	0.9836
2474.84113	0.98315
2472.78732	0.98299
2470.73351	0.98352
2468.6797	0.98405
2466.62589	0.98416
2464.57208	0.98414
2462.51827	0.98404
2460.46446	0.98374
2458.41065	0.98351
2456.35684	0.98343
2454.30303	0.98339
2452.24922	0.98329
2450.19541	0.98312
2448.1416	0.98304
2446.08779	0.98295
2444.03398	0.98278
2441.98017	0.98266
2439.92636	0.9827
2437.87255	0.98285
2435.81874	0.98298
2433.76493	0.98296
2431.71112	0.98296
2429.65731	0.98334
2427.6035	0.9839
2425.54969	0.98391
2423.49588	0.98336
2421.44207	0.98294
2419.38826	0.98286
2417.33445	0.98295
2415.28064	0.98335
2413.22683	0.98389
2411.17302	0.98394
2409.11921	0.98362
2407.0654	0.9836
2405.01159	0.98371
2402.95778	0.98354
2400.90397	0.98344
2398.85016	0.98369
2396.79635	0.98391
2394.74254	0.9838
2392.68873	0.98362
2390.63492	0.98362
2388.58111	0.9837
2386.5273	0.98365
2384.47349	0.98354
2382.41968	0.98373
2380.36587	0.98393
2378.31206	0.98361
2376.25825	0.98316
2374.20444	0.98307
2372.15063	0.98321
2370.09682	0.98347
2368.04301	0.9836
2365.9892	0.98345
2363.93539	0.98335
2361.88158	0.98342
2359.82777	0.98376
2357.77396	0.98408
2355.72015	0.98387
2353.66634	0.98356
2351.61253	0.98315
2349.55872	0.98241
2347.50491	0.98179
2345.4511	0.98165
2343.39729	0.98173
2341.34348	0.98152
2339.28967	0.98124
2337.23586	0.98129
2335.18205	0.98158
2333.12824	0.98149
2331.07443	0.9809
2329.02062	0.98088
2326.96681	0.98109
2324.913	0.98065
2322.85919	0.9805
2320.80538	0.98105
2318.75157	0.98138
2316.69776	0.98143
2314.64395	0.9818
2312.59014	0.98233
2310.53633	0.98233
2308.48252	0.98222
2306.42871	0.98271
2304.3749	0.98305
2302.32109	0.98278
2300.26728	0.98265
2298.21347	0.98278
2296.15966	0.98236
2294.10585	0.98167
2292.05204	0.98144
2289.99823	0.98157
2287.94442	0.98181
2285.89061	0.98177
2283.8368	0.98156
2281.78299	0.98192
2279.72918	0.9828
2277.67537	0.98348
2275.62156	0.98337
2273.56775	0.9828
2271.51394	0.9829
2269.46013	0.98363
2267.40632	0.98382
2265.35251	0.98357
2263.2987	0.98406
2261.24489	0.98482
2259.19108	0.98456
2257.13727	0.98371
2255.08346	0.98359
2253.02965	0.98388
2250.97584	0.984
2248.92203	0.98428
2246.86822	0.98467
2244.81441	0.98493
2242.7606	0.98465
2240.70679	0.98396
2238.65298	0.98353
2236.59917	0.9838
2234.54536	0.98452
2232.49155	0.98448
2230.43774	0.98363
2228.38393	0.98315
2226.33012	0.98305
2224.27631	0.98222
2222.2225	0.98132
2220.16869	0.98227
2218.11488	0.98403
2216.06107	0.98451
2214.00726	0.98463
2211.95344	0.98483
2209.89963	0.98405
2207.84582	0.98324
2205.79201	0.98323
2203.7382	0.98306
2201.68439	0.98328
2199.63058	0.98477
2197.57677	0.98538
2195.52296	0.984
2193.46915	0.9829
2191.41534	0.98313
2189.36153	0.98384
2187.30772	0.98408
2185.25391	0.98331
2183.2001	0.98246
2181.14629	0.98284
2179.09248	0.98407
2177.03867	0.9864
2174.98486	0.98871
2172.93105	0.98752
2170.87724	0.98428
2168.82343	0.98355
2166.76962	0.98513
2164.71581	0.98541
2162.662	0.9847
2160.60819	0.98531
2158.55438	0.98584
2156.50057	0.98507
2154.44676	0.98508
2152.39295	0.98651
2150.33914	0.9875
2148.28533	0.98775
2146.23152	0.98819
2144.17771	0.98778
2142.1239	0.98641
2140.07009	0.98565
2138.01628	0.98594
2135.96247	0.98692
2133.90866	0.98812
2131.85485	0.98856
2129.80104	0.98761
2127.74723	0.98647
2125.69342	0.98589
2123.63961	0.98475
2121.5858	0.98348
2119.53199	0.98363
2117.47818	0.98465
2115.42437	0.98514
2113.37056	0.98554
2111.31675	0.9861
2109.26294	0.98587
2107.20913	0.98498
2105.15532	0.9842
2103.10151	0.98399
2101.0477	0.98434
2098.99389	0.98463
2096.94008	0.98414
2094.88627	0.98327
2092.83246	0.98288
2090.77865	0.98343
2088.72484	0.98441
2086.67103	0.98432
2084.61722	0.98348
2082.56341	0.98328
2080.5096	0.98385
2078.45579	0.98463
2076.40198	0.98521
2074.34817	0.98551
2072.29436	0.98539
2070.24055	0.98478
2068.18674	0.98471
2066.13293	0.98538
2064.07912	0.98521
2062.02531	0.98418
2059.9715	0.98345
2057.91769	0.98331
2055.86388	0.98354
2053.81007	0.98372
2051.75626	0.98321
2049.70245	0.98232
2047.64864	0.98229
2045.59483	0.98311
2043.54102	0.98391
2041.48721	0.98484
2039.4334	0.98563
2037.37959	0.98431
2035.32578	0.98214
2033.27197	0.98295
2031.21816	0.98559
2029.16435	0.98651
2027.11054	0.98532
2025.05673	0.9832
2023.00292	0.98203
2020.94911	0.98341
2018.8953	0.9853
2016.84149	0.98586
2014.78768	0.98613
2012.73387	0.98565
2010.68006	0.98397
2008.62625	0.98301
2006.57244	0.98333
2004.51863	0.984
2002.46482	0.98439
2000.41101	0.9844
1998.3572	0.9845
1996.30339	0.98457
1994.24958	0.98422
1992.19577	0.98343
1990.14196	0.98232
1988.08815	0.98154
1986.03434	0.98207
1983.98053	0.9835
1981.92672	0.9843
1979.87291	0.98362
1977.8191	0.98285
1975.76529	0.9841
1973.71148	0.98565
1971.65767	0.98594
1969.60386	0.98573
1967.55005	0.98571
1965.49624	0.9861
1963.44243	0.98593
1961.38862	0.98498
1959.33481	0.98384
1957.281	0.9832
1955.22719	0.98382
1953.17338	0.98495
1951.11957	0.9857
1949.06576	0.98626
1947.01195	0.98596
1944.95814	0.98491
1942.90433	0.98462
1940.85052	0.98473
1938.79671	0.9843
1936.7429	0.98395
1934.68909	0.98423
1932.63528	0.98463
1930.58147	0.9846
1928.52766	0.98459
1926.47385	0.98509
1924.42004	0.98567
1922.36623	0.98571
1920.31242	0.98504
1918.25861	0.98454
1916.20479	0.98484
1914.15098	0.98513
1912.09717	0.98505
1910.04336	0.98499
1907.98955	0.98479
1905.93574	0.98419
1903.88193	0.9835
1901.82812	0.98311
1899.77431	0.9834
1897.7205	0.98411
1895.66669	0.98455
1893.61288	0.98422
1891.55907	0.98336
1889.50526	0.98334
1887.45145	0.98427
1885.39764	0.98481
1883.34383	0.98488
1881.29002	0.98473
1879.23621	0.98436
1877.1824	0.98437
1875.12859	0.98436
1873.07478	0.98365
1871.02097	0.98299
1868.96716	0.98291
1866.91335	0.98305
1864.85954	0.98333
1862.80573	0.98388
1860.75192	0.98416
1858.69811	0.98409
1856.6443	0.98424
1854.59049	0.98457
1852.53668	0.98465
1850.48287	0.9845
1848.42906	0.98439
1846.37525	0.98444
1844.32144	0.98433
1842.26763	0.98388
1840.21382	0.98346
1838.16001	0.98317
1836.1062	0.9831
1834.05239	0.98322
1831.99858	0.98329
1829.94477	0.98346
1827.89096	0.98371
1825.83715	0.98371
1823.78334	0.98374
1821.72953	0.98394
1819.67572	0.98389
1817.62191	0.98367
1815.5681	0.9836
1813.51429	0.98353
1811.46048	0.9833
1809.40667	0.9832
1807.35286	0.98345
1805.29905	0.98359
1803.24524	0.98339
1801.19143	0.98305
1799.13762	0.98281
1797.08381	0.98295
1795.03	0.98327
1792.97619	0.98334
1790.92238	0.98308
1788.86857	0.98284
1786.81476	0.98278
1784.76095	0.98271
1782.70714	0.98254
1780.65333	0.98254
1778.59952	0.98252
1776.54571	0.98225
1774.4919	0.98205
1772.43809	0.98186
1770.38428	0.98159
1768.33047	0.98144
1766.27666	0.98145
1764.22285	0.98153
1762.16904	0.98145
1760.11523	0.98118
1758.06142	0.98102
1756.00761	0.98098
1753.9538	0.98085
1751.89999	0.98054
1749.84618	0.98015
1747.79237	0.97985
1745.73856	0.97947
1743.68475	0.97903
1741.63094	0.97861
1739.57713	0.97814
1737.52332	0.97786
1735.46951	0.97773
1733.4157	0.97747
1731.36189	0.97729
1729.30808	0.97716
1727.25427	0.9766
1725.20046	0.97561
1723.14665	0.97463
1721.09284	0.97395
1719.03903	0.9735
1716.98522	0.97307
1714.93141	0.97286
1712.8776	0.97324
1710.82379	0.97403
1708.76998	0.97489
1706.71617	0.97562
1704.66236	0.97629
1702.60855	0.9769
1700.55474	0.97723
1698.50093	0.97713
1696.44712	0.9773
1694.39331	0.97794
1692.3395	0.97835
1690.28569	0.97859
1688.23188	0.97889
1686.17807	0.97914
1684.12426	0.97932
1682.07045	0.97926
1680.01664	0.97913
1677.96283	0.97918
1675.90902	0.97918
1673.85521	0.97892
1671.8014	0.97874
1669.74759	0.97875
1667.69378	0.97897
1665.63997	0.97915
1663.58616	0.97889
1661.53235	0.97843
1659.47854	0.97824
1657.42473	0.97812
1655.37092	0.97787
1653.31711	0.97768
1651.2633	0.97777
1649.20949	0.97791
1647.15568	0.97801
1645.10187	0.97802
1643.04806	0.97804
1640.99425	0.97809
1638.94044	0.97819
1636.88663	0.97824
1634.83282	0.97801
1632.77901	0.97786
1630.7252	0.97793
1628.67139	0.97805
1626.61758	0.97821
1624.56377	0.97849
1622.50996	0.97878
1620.45614	0.97886
1618.40233	0.97894
1616.34852	0.97908
1614.29471	0.97895
1612.2409	0.97876
1610.18709	0.97882
1608.13328	0.97898
1606.07947	0.97897
1604.02566	0.97892
1601.97185	0.97891
1599.91804	0.97892
1597.86423	0.9789
1595.81042	0.97882
1593.75661	0.97878
1591.7028	0.97885
1589.64899	0.97903
1587.59518	0.97917
1585.54137	0.97901
1583.48756	0.97873
1581.43375	0.97869
1579.37994	0.9788
1577.32613	0.97882
1575.27232	0.97879
1573.21851	0.97889
1571.1647	0.97905
1569.11089	0.97899
1567.05708	0.97877
1565.00327	0.9788
1562.94946	0.97889
1560.89565	0.9787
1558.84184	0.97839
1556.78803	0.97864
1554.73422	0.97891
1552.68041	0.97886
1550.6266	0.9787
1548.57279	0.97848
1546.51898	0.97822
1544.46517	0.97799
1542.41136	0.97791
1540.35755	0.97818
1538.30374	0.97864
1536.24993	0.97877
1534.19612	0.97859
1532.14231	0.97838
1530.0885	0.97832
1528.03469	0.97834
1525.98088	0.97836
1523.92707	0.97847
1521.87326	0.97875
1519.81945	0.97892
1517.76564	0.97868
1515.71183	0.97859
1513.65802	0.97868
1511.60421	0.97856
1509.5504	0.97832
1507.49659	0.97822
1505.44278	0.97831
1503.38897	0.9783
1501.33516	0.97809
1499.28135	0.97778
1497.22754	0.97759
1495.17373	0.97735
1493.11992	0.97707
1491.06611	0.97681
1489.0123	0.97627
1486.95849	0.97535
1484.90468	0.97422
1482.85087	0.97241
1480.79706	0.96879
1478.74325	0.96019
1476.68944	0.93673
1474.63563	0.89203
1472.58182	0.85402
1470.52801	0.85599
1468.4742	0.8703
1466.42039	0.87074
1464.36658	0.85205
1462.31277	0.83976
1460.25896	0.85552
1458.20515	0.89143
1456.15134	0.92329
1454.09753	0.93632
1452.04372	0.94318
1449.98991	0.94849
1447.9361	0.95205
1445.88229	0.95433
1443.82848	0.95587
1441.77467	0.95708
1439.72086	0.95822
1437.66705	0.95963
1435.61324	0.96145
1433.55943	0.96311
1431.50562	0.96485
1429.45181	0.96684
1427.398	0.96849
1425.34419	0.96966
1423.29038	0.97063
1421.23657	0.97125
1419.18276	0.97167
1417.12895	0.97208
1415.07514	0.97235
1413.02133	0.9724
1410.96752	0.97231
1408.91371	0.97235
1406.8599	0.97265
1404.80609	0.97325
1402.75228	0.97385
1400.69847	0.97406
1398.64466	0.97405
1396.59085	0.97412
1394.53704	0.97414
1392.48323	0.97412
1390.42942	0.97423
1388.37561	0.97435
1386.3218	0.97423
1384.26799	0.97382
1382.21418	0.97316
1380.16037	0.97212
1378.10656	0.97105
1376.05275	0.97044
1373.99894	0.97003
1371.94513	0.96928
1369.89132	0.96849
1367.83751	0.96821
1365.7837	0.96843
1363.72989	0.96903
1361.67608	0.96982
1359.62227	0.97025
1357.56846	0.97042
1355.51465	0.97062
1353.46084	0.97062
1351.40703	0.97059
1349.35322	0.97084
1347.29941	0.97129
1345.2456	0.97179
1343.19179	0.97223
1341.13798	0.97256
1339.08417	0.97293
1337.03036	0.97345
1334.97655	0.97402
1332.92274	0.97449
1330.86893	0.97466
1328.81512	0.97467
1326.7613	0.97468
1324.70749	0.97452
1322.65368	0.97418
1320.59987	0.97383
1318.54606	0.97345
1316.49225	0.97306
1314.43844	0.97279
1312.38463	0.97254
1310.33082	0.97218
1308.27701	0.97181
1306.2232	0.97154
1304.16939	0.97135
1302.11558	0.97132
1300.06177	0.97144
1298.00796	0.97141
1295.95415	0.97126
1293.90034	0.97141
1291.84653	0.97183
1289.79272	0.97225
1287.73891	0.97259
1285.6851	0.97266
1283.63129	0.97245
1281.57748	0.97227
1279.52367	0.9722
1277.46986	0.97206
1275.41605	0.97191
1273.36224	0.97189
1271.30843	0.97203
1269.25462	0.97219
1267.20081	0.9723
1265.147	0.97231
1263.09319	0.97222
1261.03938	0.97218
1258.98557	0.97235
1256.93176	0.97257
1254.87795	0.9727
1252.82414	0.97287
1250.77033	0.97293
1248.71652	0.97281
1246.66271	0.9728
1244.6089	0.97289
1242.55509	0.97292
1240.50128	0.97301
1238.44747	0.97309
1236.39366	0.97298
1234.33985	0.97281
1232.28604	0.97286
1230.23223	0.97306
1228.17842	0.97317
1226.12461	0.97318
1224.0708	0.97317
1222.01699	0.97311
1219.96318	0.97308
1217.90937	0.97296
1215.85556	0.97274
1213.80175	0.97271
1211.74794	0.97283
1209.69413	0.97291
1207.64032	0.97303
1205.58651	0.97316
1203.5327	0.97313
1201.47889	0.97304
1199.42508	0.97301
1197.37127	0.97312
1195.31746	0.97332
1193.26365	0.97322
1191.20984	0.97297
1189.15603	0.9729
1187.10222	0.97265
1185.04841	0.97211
1182.9946	0.97192
1180.94079	0.97215
1178.88698	0.97217
1176.83317	0.97202
1174.77936	0.97202
1172.72555	0.972
1170.67174	0.97183
1168.61793	0.9717
1166.56412	0.97172
1164.51031	0.97173
1162.4565	0.97167
1160.40269	0.97171
1158.34888	0.97185
1156.29507	0.97203
1154.24126	0.97233
1152.18745	0.97244
1150.13364	0.97225
1148.07983	0.97231
1146.02602	0.97263
1143.97221	0.97268
1141.9184	0.97239
1139.86459	0.97214
1137.81078	0.97215
1135.75697	0.97197
1133.70316	0.97157
1131.64935	0.97136
1129.59554	0.97124
1127.54173	0.97107
1125.48792	0.97089
1123.43411	0.97071
1121.3803	0.9706
1119.32649	0.97063
1117.27268	0.97063
1115.21887	0.97052
1113.16506	0.97033
1111.11125	0.97019
1109.05744	0.97002
1107.00363	0.96982
1104.94982	0.96967
1102.89601	0.96943
1100.8422	0.96907
1098.78839	0.96866
1096.73458	0.96826
1094.68077	0.96821
1092.62696	0.96842
1090.57315	0.9685
1088.51934	0.96842
1086.46553	0.96817
1084.41172	0.96784
1082.35791	0.96771
1080.3041	0.96793
1078.25029	0.96827
1076.19648	0.96848
1074.14267	0.96865
1072.08886	0.96881
1070.03505	0.96876
1067.98124	0.96865
1065.92743	0.96872
1063.87362	0.96887
1061.81981	0.96896
1059.766	0.96902
1057.71219	0.96906
1055.65838	0.96883
1053.60457	0.96849
1051.55076	0.96834
1049.49695	0.96851
1047.44314	0.96882
1045.38933	0.96906
1043.33552	0.96912
1041.28171	0.96883
1039.2279	0.96867
1037.17409	0.96891
1035.12028	0.96916
1033.06647	0.96941
1031.01265	0.96974
1028.95884	0.96997
1026.90503	0.97016
1024.85122	0.97015
1022.79741	0.96985
1020.7436	0.96977
1018.68979	0.96997
1016.63598	0.97017
1014.58217	0.97041
1012.52836	0.9707
1010.47455	0.97079
1008.42074	0.97058
1006.36693	0.9704
1004.31312	0.9706
1002.25931	0.97099
1000.2055	0.97119
998.15169	0.97123
996.09788	0.97141
994.04407	0.97168
991.99026	0.97175
989.93645	0.97164
987.88264	0.97149
985.82883	0.97149
983.77502	0.97176
981.72121	0.97205
979.6674	0.97214
977.61359	0.97208
975.55978	0.972
973.50597	0.97205
971.45216	0.97215
969.39835	0.97205
967.34454	0.9719
965.29073	0.97188
963.23692	0.97186
961.18311	0.97181
959.1293	0.97196
957.07549	0.97235
955.02168	0.97259
952.96787	0.97252
950.91406	0.97245
948.86025	0.97245
946.80644	0.97245
944.75263	0.97253
942.69882	0.97261
940.64501	0.97248
938.5912	0.9724
936.53739	0.97275
934.48358	0.97314
932.42977	0.97316
930.37596	0.97313
928.32215	0.97306
926.26834	0.97273
924.21453	0.97248
922.16072	0.97253
920.10691	0.97249
918.0531	0.97218
915.99929	0.97179
913.94548	0.97125
911.89167	0.97046
909.83786	0.96984
907.78405	0.96995
905.73024	0.97057
903.67643	0.9712
901.62262	0.97137
899.56881	0.97119
897.515	0.97143
895.46119	0.97194
893.40738	0.97199
891.35357	0.97176
889.29976	0.97176
887.24595	0.97206
885.19214	0.97245
883.13833	0.97279
881.08452	0.97293
879.03071	0.97256
876.9769	0.97195
874.92309	0.97189
872.86928	0.97225
870.81547	0.9723
868.76166	0.97201
866.70785	0.97186
864.65404	0.97199
862.60023	0.97208
860.54642	0.97209
858.49261	0.97215
856.4388	0.97202
854.38499	0.97177
852.33118	0.97178
850.27737	0.97176
848.22356	0.97169
846.16975	0.9718
844.11594	0.9717
842.06213	0.97125
840.00832	0.97081
837.95451	0.97073
835.9007	0.97098
833.84689	0.97129
831.79308	0.97136
829.73927	0.97127
827.68546	0.97131
825.63165	0.97136
823.57784	0.97107
821.52403	0.9705
819.47022	0.97017
817.41641	0.97037
815.3626	0.97059
813.30879	0.97009
811.25498	0.96909
809.20117	0.96861
807.14736	0.96918
805.09355	0.96982
803.03974	0.96948
800.98593	0.96864
798.93212	0.96799
796.87831	0.9676
794.8245	0.9674
792.77069	0.96746
790.71688	0.96768
788.66307	0.96783
786.60926	0.9678
784.55545	0.9678
782.50164	0.96782
780.44783	0.96723
778.39402	0.96613
776.34021	0.96551
774.2864	0.96538
772.23259	0.96529
770.17878	0.96526
768.12497	0.96485
766.07116	0.96372
764.01735	0.96279
761.96354	0.96264
759.90973	0.96247
757.85592	0.96185
755.80211	0.96114
753.7483	0.9604
751.69449	0.95958
749.64068	0.959
747.58687	0.95837
745.53306	0.95684
743.47925	0.95501
741.42544	0.95368
739.37163	0.95175
737.31781	0.94693
735.264	0.93298
733.21019	0.90126
731.15638	0.86459
729.10257	0.85481
727.04876	0.8709
724.99495	0.87959
722.94114	0.86006
720.88733	0.81641
718.83352	0.78479
716.77971	0.79782
714.7259	0.83868
712.67209	0.87566
710.61828	0.8981
708.56447	0.91047
706.51066	0.9187
704.45685	0.92473
702.40304	0.92824
700.34923	0.93007
698.29542	0.93149
696.24161	0.93236
694.1878	0.93253
692.13399	0.93286
690.08018	0.93378
688.02637	0.93467
685.97256	0.93537
683.91875	0.93622
681.86494	0.93643
679.81113	0.93545
677.75732	0.93462
675.70351	0.9349
673.6497	0.9357
671.59589	0.93626
669.54208	0.93654
667.48827	0.93675
665.43446	0.93668
663.38065	0.93664
661.32684	0.93675
659.27303	0.93643
657.21922	0.93625
655.16541	0.93741
653.1116	0.9391
651.05779	0.93941
649.00398	0.9381
646.95017	0.93696
644.89636	0.93701
642.84255	0.93767
640.78874	0.93851
638.73493	0.93884
636.68112	0.93776
634.62731	0.9363
632.5735	0.93636
630.51969	0.93784
628.46588	0.93939
626.41207	0.93994
624.35826	0.93976
622.30445	0.94002
620.25064	0.94039
618.19683	0.94032
616.14302	0.94031
614.08921	0.94039
612.0354	0.94049
609.98159	0.94042
607.92778	0.93986
605.87397	0.93957
603.82016	0.9398
601.76635	0.93952
599.71254	0.93898
597.65873	0.93933
595.60492	0.93993
593.55111	0.94047
591.4973	0.94137
589.44349	0.94157
587.38968	0.94107
585.33587	0.94087
583.28206	0.94044
581.22825	0.93957
579.17444	0.93966
577.12063	0.94098
575.06682	0.94198
573.01301	0.94147
570.9592	0.9397
568.90539	0.93831
566.85158	0.9383
564.79777	0.93877
562.74396	0.93895
560.69015	0.93887
558.63634	0.93888
556.58253	0.93902
554.52872	0.93906
552.47491	0.9393
550.4211	0.94035
548.36729	0.94149
546.31348	0.94155
544.25967	0.9414
542.20586	0.94208
540.15205	0.94254
538.09824	0.94244
536.04443	0.94268
533.99062	0.94301
531.93681	0.94239
529.883	0.94141
527.82919	0.94141
525.77538	0.9419
523.72157	0.94196
521.66776	0.94194
519.61395	0.94237
517.56014	0.9432
515.50633	0.94425
513.45252	0.94518
511.39871	0.94535
509.3449	0.9456
507.29109	0.9466
505.23728	0.94667
503.18347	0.94529
501.12966	0.9445
499.07585	0.94461
497.02204	0.94379
494.96823	0.94283
492.91442	0.94395
490.86061	0.94666
488.8068	0.94842
486.75299	0.94802
484.69918	0.94648
482.64537	0.94524
480.59156	0.94486
478.53775	0.94486
476.48394	0.94503
474.43013	0.94615
472.37632	0.94705
470.32251	0.94625
468.2687	0.94505
466.21489	0.94412
464.16108	0.94283
462.10727	0.94143
460.05346	0.94135
457.99965	0.94199
455.94584	0.94278
453.89203	0.94436
451.83822	0.94378
449.78441	0.94123
447.7306	0.94064
445.67679	0.94139
443.62298	0.94156
441.56916	0.94127
439.51535	0.94069
437.46154	0.93924
435.40773	0.93705
433.35392	0.93501
431.30011	0.93289
429.2463	0.93118
427.19249	0.93099
425.13868	0.93267
423.08487	0.93384
421.03106	0.93277
418.97725	0.93416
416.92344	0.93834
414.86963	0.93944
412.81582	0.9389
410.76201	0.93872
408.7082	0.93956
406.65439	0.94128
404.60058	0.94255
402.54677	0.9448
400.49296	0.94743
398.43915	0.94502
KMeans Clustering	4.0
Spectral Clustering	10.0
Agglomerative Clustering	0.0
