Numero de onda	Muestra 812
3996.7144	0.99329
3994.66059	0.99332
3992.60678	0.99359
3990.55297	0.99378
3988.49916	0.9938
3986.44535	0.99378
3984.39154	0.99364
3982.33773	0.99347
3980.28391	0.99355
3978.2301	0.99362
3976.17629	0.99332
3974.12248	0.99315
3972.06867	0.99336
3970.01486	0.99348
3967.96105	0.99346
3965.90724	0.99355
3963.85343	0.99376
3961.79962	0.99381
3959.74581	0.99357
3957.692	0.99328
3955.63819	0.99318
3953.58438	0.99322
3951.53057	0.99337
3949.47676	0.99363
3947.42295	0.99365
3945.36914	0.99347
3943.31533	0.99349
3941.26152	0.99348
3939.20771	0.99343
3937.1539	0.99367
3935.10009	0.99398
3933.04628	0.99407
3930.99247	0.99398
3928.93866	0.9937
3926.88485	0.99345
3924.83104	0.99337
3922.77723	0.99336
3920.72342	0.99348
3918.66961	0.99363
3916.6158	0.9934
3914.56199	0.99315
3912.50818	0.99333
3910.45437	0.99357
3908.40056	0.99346
3906.34675	0.99312
3904.29294	0.99291
3902.23913	0.99302
3900.18532	0.99316
3898.13151	0.9934
3896.0777	0.99373
3894.02389	0.99375
3891.97008	0.99354
3889.91627	0.99341
3887.86246	0.99332
3885.80865	0.99329
3883.75484	0.9933
3881.70103	0.99326
3879.64722	0.99325
3877.59341	0.99321
3875.5396	0.99329
3873.48579	0.99361
3871.43198	0.9939
3869.37817	0.99406
3867.32436	0.99406
3865.27055	0.99401
3863.21674	0.99412
3861.16293	0.99422
3859.10912	0.99398
3857.05531	0.99354
3855.0015	0.99351
3852.94769	0.99383
3850.89388	0.99382
3848.84007	0.99383
3846.78626	0.99383
3844.73245	0.99382
3842.67864	0.99407
3840.62483	0.99417
3838.57102	0.99385
3836.51721	0.9938
3834.4634	0.99385
3832.40959	0.99362
3830.35578	0.99347
3828.30197	0.99358
3826.24816	0.99373
3824.19435	0.99373
3822.14054	0.99372
3820.08673	0.99388
3818.03292	0.99409
3815.97911	0.99448
3813.9253	0.99463
3811.87149	0.99422
3809.81768	0.99371
3807.76387	0.99354
3805.71006	0.99363
3803.65625	0.99359
3801.60244	0.9936
3799.54863	0.99369
3797.49482	0.99358
3795.44101	0.99346
3793.3872	0.99355
3791.33339	0.99357
3789.27958	0.99331
3787.22577	0.99333
3785.17196	0.99377
3783.11815	0.99394
3781.06434	0.99365
3779.01053	0.99339
3776.95672	0.99345
3774.90291	0.99365
3772.8491	0.99371
3770.79529	0.99365
3768.74148	0.99374
3766.68767	0.99373
3764.63386	0.9934
3762.58005	0.99315
3760.52624	0.99319
3758.47243	0.99343
3756.41862	0.9937
3754.36481	0.99402
3752.311	0.99441
3750.25719	0.99449
3748.20338	0.99418
3746.14957	0.99381
3744.09576	0.99363
3742.04195	0.99375
3739.98814	0.99402
3737.93433	0.99422
3735.88052	0.99421
3733.82671	0.99421
3731.7729	0.99413
3729.71909	0.99394
3727.66528	0.99397
3725.61147	0.99454
3723.55766	0.99513
3721.50385	0.99493
3719.45004	0.99432
3717.39623	0.99389
3715.34242	0.99344
3713.28861	0.99297
3711.2348	0.99284
3709.18099	0.99284
3707.12718	0.99286
3705.07337	0.99319
3703.01956	0.99358
3700.96575	0.99364
3698.91194	0.9936
3696.85813	0.9937
3694.80432	0.99376
3692.75051	0.99362
3690.6967	0.99334
3688.64289	0.99334
3686.58907	0.99361
3684.53526	0.9936
3682.48145	0.99348
3680.42764	0.99364
3678.37383	0.99375
3676.32002	0.9936
3674.26621	0.99354
3672.2124	0.99344
3670.15859	0.99322
3668.10478	0.99315
3666.05097	0.99341
3663.99716	0.99359
3661.94335	0.99343
3659.88954	0.99342
3657.83573	0.99347
3655.78192	0.9931
3653.72811	0.99268
3651.6743	0.99284
3649.62049	0.99336
3647.56668	0.9932
3645.51287	0.9928
3643.45906	0.9927
3641.40525	0.99274
3639.35144	0.99275
3637.29763	0.99263
3635.24382	0.99239
3633.19001	0.99238
3631.1362	0.99252
3629.08239	0.99245
3627.02858	0.99223
3624.97477	0.99229
3622.92096	0.99273
3620.86715	0.99333
3618.81334	0.99367
3616.75953	0.99358
3614.70572	0.99347
3612.65191	0.99356
3610.5981	0.99351
3608.54429	0.99329
3606.49048	0.99324
3604.43667	0.99332
3602.38286	0.99304
3600.32905	0.99232
3598.27524	0.99201
3596.22143	0.99248
3594.16762	0.99301
3592.11381	0.99293
3590.06	0.99251
3588.00619	0.99238
3585.95238	0.99261
3583.89857	0.99273
3581.84476	0.99284
3579.79095	0.993
3577.73714	0.99279
3575.68333	0.99232
3573.62952	0.99226
3571.57571	0.99249
3569.5219	0.99257
3567.46809	0.9926
3565.41428	0.99271
3563.36047	0.99282
3561.30666	0.99284
3559.25285	0.99265
3557.19904	0.99245
3555.14523	0.99252
3553.09142	0.99263
3551.03761	0.99245
3548.9838	0.99222
3546.92999	0.99223
3544.87618	0.99232
3542.82237	0.99226
3540.76856	0.99215
3538.71475	0.99216
3536.66094	0.9922
3534.60713	0.99221
3532.55332	0.99231
3530.49951	0.99232
3528.4457	0.9922
3526.39189	0.99216
3524.33808	0.9922
3522.28427	0.99236
3520.23046	0.9924
3518.17665	0.99234
3516.12284	0.99249
3514.06903	0.99252
3512.01522	0.99231
3509.96141	0.9921
3507.9076	0.99188
3505.85379	0.99178
3503.79998	0.99185
3501.74617	0.9921
3499.69236	0.9924
3497.63855	0.99241
3495.58474	0.99207
3493.53093	0.99178
3491.47712	0.9918
3489.42331	0.99182
3487.3695	0.99161
3485.31569	0.99147
3483.26188	0.99155
3481.20807	0.99158
3479.15426	0.99159
3477.10045	0.99178
3475.04664	0.99204
3472.99283	0.99216
3470.93902	0.99207
3468.88521	0.99178
3466.8314	0.99155
3464.77759	0.99162
3462.72378	0.99175
3460.66997	0.99154
3458.61616	0.99135
3456.56235	0.99164
3454.50854	0.99187
3452.45473	0.99178
3450.40092	0.99182
3448.34711	0.9919
3446.2933	0.99171
3444.23949	0.99144
3442.18568	0.99133
3440.13187	0.99147
3438.07806	0.99155
3436.02425	0.9914
3433.97044	0.99134
3431.91663	0.99155
3429.86282	0.99188
3427.80901	0.99202
3425.7552	0.99192
3423.70139	0.99185
3421.64758	0.99194
3419.59377	0.99194
3417.53996	0.9916
3415.48615	0.99127
3413.43234	0.99132
3411.37853	0.99146
3409.32472	0.99129
3407.27091	0.99108
3405.2171	0.99111
3403.16329	0.99134
3401.10948	0.99169
3399.05567	0.99188
3397.00186	0.99165
3394.94805	0.99133
3392.89424	0.99137
3390.84042	0.99165
3388.78661	0.99183
3386.7328	0.99176
3384.67899	0.99158
3382.62518	0.99153
3380.57137	0.99165
3378.51756	0.99176
3376.46375	0.99168
3374.40994	0.99153
3372.35613	0.9915
3370.30232	0.99145
3368.24851	0.99134
3366.1947	0.99125
3364.14089	0.99117
3362.08708	0.99127
3360.03327	0.99154
3357.97946	0.99176
3355.92565	0.99191
3353.87184	0.99203
3351.81803	0.99196
3349.76422	0.99176
3347.71041	0.99166
3345.6566	0.99182
3343.60279	0.99209
3341.54898	0.99215
3339.49517	0.99183
3337.44136	0.99133
3335.38755	0.99116
3333.33374	0.9913
3331.27993	0.99139
3329.22612	0.99162
3327.17231	0.99192
3325.1185	0.99184
3323.06469	0.99136
3321.01088	0.99093
3318.95707	0.99075
3316.90326	0.9908
3314.84945	0.99103
3312.79564	0.99134
3310.74183	0.99156
3308.68802	0.99168
3306.63421	0.99193
3304.5804	0.99219
3302.52659	0.99224
3300.47278	0.99214
3298.41897	0.99182
3296.36516	0.99155
3294.31135	0.99171
3292.25754	0.99199
3290.20373	0.99193
3288.14992	0.99162
3286.09611	0.99146
3284.0423	0.99163
3281.98849	0.9917
3279.93468	0.99144
3277.88087	0.99138
3275.82706	0.99161
3273.77325	0.99176
3271.71944	0.99183
3269.66563	0.99193
3267.61182	0.99195
3265.55801	0.99178
3263.5042	0.99165
3261.45039	0.99165
3259.39658	0.99168
3257.34277	0.99181
3255.28896	0.99205
3253.23515	0.99224
3251.18134	0.99226
3249.12753	0.99223
3247.07372	0.99225
3245.01991	0.99219
3242.9661	0.99204
3240.91229	0.99191
3238.85848	0.99183
3236.80467	0.99197
3234.75086	0.99226
3232.69705	0.99255
3230.64324	0.99287
3228.58943	0.99312
3226.53562	0.99311
3224.48181	0.99294
3222.428	0.99275
3220.37419	0.99274
3218.32038	0.99286
3216.26657	0.99289
3214.21276	0.99272
3212.15895	0.99259
3210.10514	0.99279
3208.05133	0.99297
3205.99752	0.99268
3203.94371	0.9922
3201.8899	0.99196
3199.83609	0.99198
3197.78228	0.99205
3195.72847	0.99222
3193.67466	0.99246
3191.62085	0.99263
3189.56704	0.99278
3187.51323	0.99274
3185.45942	0.99257
3183.40561	0.99267
3181.3518	0.99283
3179.29799	0.99283
3177.24418	0.99282
3175.19037	0.99293
3173.13656	0.99299
3171.08275	0.9928
3169.02894	0.99258
3166.97513	0.9927
3164.92132	0.99318
3162.86751	0.99337
3160.8137	0.99311
3158.75989	0.99292
3156.70608	0.9929
3154.65227	0.99293
3152.59846	0.99304
3150.54465	0.99309
3148.49084	0.99302
3146.43703	0.993
3144.38322	0.99307
3142.32941	0.99319
3140.2756	0.99328
3138.22179	0.99334
3136.16798	0.99339
3134.11417	0.99328
3132.06036	0.99319
3130.00655	0.99338
3127.95274	0.99345
3125.89893	0.99312
3123.84512	0.99284
3121.79131	0.99286
3119.7375	0.99306
3117.68369	0.99333
3115.62988	0.99346
3113.57607	0.99354
3111.52226	0.99354
3109.46845	0.99328
3107.41464	0.99294
3105.36083	0.9928
3103.30702	0.99288
3101.25321	0.99284
3099.1994	0.9928
3097.14559	0.99303
3095.09177	0.99317
3093.03796	0.99294
3090.98415	0.99274
3088.93034	0.99279
3086.87653	0.99287
3084.82272	0.99291
3082.76891	0.99292
3080.7151	0.99278
3078.66129	0.99259
3076.60748	0.9926
3074.55367	0.99263
3072.49986	0.99259
3070.44605	0.99263
3068.39224	0.99275
3066.33843	0.99278
3064.28462	0.99276
3062.23081	0.9927
3060.177	0.99254
3058.12319	0.99255
3056.06938	0.99278
3054.01557	0.99285
3051.96176	0.99256
3049.90795	0.99209
3047.85414	0.99189
3045.80033	0.99206
3043.74652	0.99216
3041.69271	0.99206
3039.6389	0.99216
3037.58509	0.99256
3035.53128	0.99273
3033.47747	0.99251
3031.42366	0.99233
3029.36985	0.9925
3027.31604	0.99273
3025.26223	0.99262
3023.20842	0.99235
3021.15461	0.99217
3019.1008	0.99219
3017.04699	0.99238
3014.99318	0.99271
3012.93937	0.99301
3010.88556	0.993
3008.83175	0.9929
3006.77794	0.99288
3004.72413	0.99271
3002.67032	0.99234
3000.61651	0.99208
2998.5627	0.99205
2996.50889	0.99212
2994.45508	0.99214
2992.40127	0.99207
2990.34746	0.99187
2988.29365	0.99159
2986.23984	0.99155
2984.18603	0.99155
2982.13222	0.99135
2980.07841	0.99117
2978.0246	0.99104
2975.97079	0.99096
2973.91698	0.99089
2971.86317	0.99061
2969.80936	0.99026
2967.75555	0.98997
2965.70174	0.98959
2963.64793	0.98918
2961.59412	0.98882
2959.54031	0.98831
2957.4865	0.98757
2955.43269	0.98673
2953.37888	0.98602
2951.32507	0.98536
2949.27126	0.98429
2947.21745	0.98259
2945.16364	0.9804
2943.10983	0.97786
2941.05602	0.97499
2939.00221	0.97145
2936.9484	0.96705
2934.89459	0.96185
2932.84078	0.95571
2930.78697	0.94841
2928.73316	0.93988
2926.67935	0.92988
2924.62554	0.91797
2922.57173	0.90415
2920.51792	0.88921
2918.46411	0.87443
2916.4103	0.86208
2914.35649	0.8554
2912.30268	0.85608
2910.24887	0.86241
2908.19506	0.87121
2906.14125	0.88023
2904.08744	0.88833
2902.03363	0.89493
2899.97982	0.90025
2897.92601	0.90496
2895.8722	0.90933
2893.81839	0.91349
2891.76458	0.91781
2889.71077	0.92253
2887.65696	0.92744
2885.60315	0.93228
2883.54934	0.93717
2881.49553	0.94233
2879.44172	0.94788
2877.38791	0.9535
2875.3341	0.95845
2873.28029	0.96225
2871.22648	0.96484
2869.17267	0.96624
2867.11886	0.96645
2865.06505	0.96539
2863.01124	0.96298
2860.95743	0.95863
2858.90362	0.95127
2856.84981	0.94009
2854.796	0.92454
2852.74219	0.90486
2850.68838	0.88342
2848.63457	0.86609
2846.58076	0.85936
2844.52695	0.86466
2842.47314	0.87797
2840.41933	0.89417
2838.36552	0.90976
2836.31171	0.92326
2834.2579	0.93439
2832.20409	0.94314
2830.15028	0.94974
2828.09647	0.95499
2826.04266	0.95947
2823.98885	0.96319
2821.93504	0.96621
2819.88123	0.96876
2817.82742	0.97093
2815.77361	0.97281
2813.7198	0.97431
2811.66599	0.97541
2809.61218	0.9765
2807.55837	0.97769
2805.50456	0.97868
2803.45075	0.97953
2801.39693	0.98043
2799.34312	0.98116
2797.28931	0.98165
2795.2355	0.98205
2793.18169	0.98267
2791.12788	0.98345
2789.07407	0.98393
2787.02026	0.98413
2784.96645	0.98454
2782.91264	0.98515
2780.85883	0.98561
2778.80502	0.98588
2776.75121	0.98608
2774.6974	0.98641
2772.64359	0.98684
2770.58978	0.9872
2768.53597	0.98745
2766.48216	0.98756
2764.42835	0.98761
2762.37454	0.98778
2760.32073	0.988
2758.26692	0.98818
2756.21311	0.98832
2754.1593	0.98846
2752.10549	0.98858
2750.05168	0.98869
2747.99787	0.98878
2745.94406	0.9888
2743.89025	0.98873
2741.83644	0.98871
2739.78263	0.98872
2737.72882	0.98878
2735.67501	0.98894
2733.6212	0.98911
2731.56739	0.98919
2729.51358	0.98924
2727.45977	0.9892
2725.40596	0.98918
2723.35215	0.98939
2721.29834	0.98969
2719.24453	0.98984
2717.19072	0.98987
2715.13691	0.98993
2713.0831	0.98992
2711.02929	0.98979
2708.97548	0.98979
2706.92167	0.9899
2704.86786	0.98989
2702.81405	0.98988
2700.76024	0.99012
2698.70643	0.99049
2696.65262	0.99069
2694.59881	0.99053
2692.545	0.99025
2690.49119	0.99019
2688.43738	0.99036
2686.38357	0.99057
2684.32976	0.99063
2682.27595	0.99052
2680.22214	0.99033
2678.16833	0.9902
2676.11452	0.99012
2674.06071	0.98995
2672.0069	0.98976
2669.95309	0.98976
2667.89928	0.98985
2665.84547	0.98972
2663.79166	0.98955
2661.73785	0.98959
2659.68404	0.98965
2657.63023	0.98956
2655.57642	0.98941
2653.52261	0.98931
2651.4688	0.98926
2649.41499	0.98927
2647.36118	0.98937
2645.30737	0.98955
2643.25356	0.98966
2641.19975	0.98964
2639.14594	0.98953
2637.09213	0.98938
2635.03832	0.98932
2632.98451	0.98935
2630.9307	0.98932
2628.87689	0.9893
2626.82308	0.98941
2624.76927	0.98951
2622.71546	0.9896
2620.66165	0.98991
2618.60784	0.99025
2616.55403	0.9903
2614.50022	0.99033
2612.44641	0.99047
2610.3926	0.99046
2608.33879	0.99038
2606.28498	0.99047
2604.23117	0.99066
2602.17736	0.99085
2600.12355	0.99097
2598.06974	0.99095
2596.01593	0.99094
2593.96212	0.99108
2591.90831	0.99116
2589.8545	0.99129
2587.80069	0.99159
2585.74688	0.99167
2583.69307	0.9916
2581.63926	0.99177
2579.58545	0.99196
2577.53164	0.99166
2575.47783	0.99106
2573.42402	0.99081
2571.37021	0.99093
2569.3164	0.99122
2567.26259	0.99155
2565.20878	0.99194
2563.15497	0.99241
2561.10116	0.99269
2559.04735	0.99264
2556.99354	0.99228
2554.93973	0.99188
2552.88592	0.99176
2550.83211	0.99163
2548.7783	0.99127
2546.72449	0.99108
2544.67068	0.99118
2542.61687	0.99145
2540.56306	0.99183
2538.50925	0.99191
2536.45544	0.99162
2534.40163	0.99158
2532.34782	0.99204
2530.29401	0.99236
2528.2402	0.9921
2526.18639	0.99178
2524.13258	0.99194
2522.07877	0.99233
2520.02496	0.99239
2517.97115	0.99222
2515.91734	0.99228
2513.86353	0.99249
2511.80972	0.99274
2509.75591	0.99299
2507.7021	0.99287
2505.64828	0.99251
2503.59447	0.99216
2501.54066	0.99202
2499.48685	0.99213
2497.43304	0.99222
2495.37923	0.9922
2493.32542	0.99213
2491.27161	0.99212
2489.2178	0.99245
2487.16399	0.99284
2485.11018	0.99296
2483.05637	0.99301
2481.00256	0.99312
2478.94875	0.99315
2476.89494	0.99295
2474.84113	0.9927
2472.78732	0.99284
2470.73351	0.99317
2468.6797	0.99306
2466.62589	0.99267
2464.57208	0.9926
2462.51827	0.99295
2460.46446	0.99324
2458.41065	0.99313
2456.35684	0.99309
2454.30303	0.99329
2452.24922	0.99325
2450.19541	0.99275
2448.1416	0.99211
2446.08779	0.99182
2444.03398	0.99211
2441.98017	0.99255
2439.92636	0.99263
2437.87255	0.99247
2435.81874	0.99243
2433.76493	0.99252
2431.71112	0.99267
2429.65731	0.99293
2427.6035	0.993
2425.54969	0.99271
2423.49588	0.99249
2421.44207	0.99256
2419.38826	0.99272
2417.33445	0.99279
2415.28064	0.99279
2413.22683	0.9928
2411.17302	0.99294
2409.11921	0.99317
2407.0654	0.9934
2405.01159	0.99342
2402.95778	0.99322
2400.90397	0.99309
2398.85016	0.9932
2396.79635	0.99346
2394.74254	0.99353
2392.68873	0.99339
2390.63492	0.99347
2388.58111	0.99362
2386.5273	0.9934
2384.47349	0.99297
2382.41968	0.99269
2380.36587	0.99262
2378.31206	0.99287
2376.25825	0.99331
2374.20444	0.99334
2372.15063	0.99287
2370.09682	0.99215
2368.04301	0.99149
2365.9892	0.99166
2363.93539	0.99235
2361.88158	0.99232
2359.82777	0.99219
2357.77396	0.99282
2355.72015	0.99281
2353.66634	0.99215
2351.61253	0.9925
2349.55872	0.99295
2347.50491	0.99239
2345.4511	0.99159
2343.39729	0.99144
2341.34348	0.99143
2339.28967	0.99139
2337.23586	0.99176
2335.18205	0.99222
2333.12824	0.9924
2331.07443	0.99266
2329.02062	0.9928
2326.96681	0.99179
2324.913	0.99045
2322.85919	0.99029
2320.80538	0.99081
2318.75157	0.99117
2316.69776	0.99152
2314.64395	0.99169
2312.59014	0.99155
2310.53633	0.9916
2308.48252	0.99194
2306.42871	0.9919
2304.3749	0.99154
2302.32109	0.99154
2300.26728	0.99177
2298.21347	0.99188
2296.15966	0.992
2294.10585	0.99189
2292.05204	0.99128
2289.99823	0.99081
2287.94442	0.9909
2285.89061	0.99105
2283.8368	0.99106
2281.78299	0.99123
2279.72918	0.9913
2277.67537	0.99112
2275.62156	0.99141
2273.56775	0.99196
2271.51394	0.99213
2269.46013	0.99217
2267.40632	0.9922
2265.35251	0.99233
2263.2987	0.99284
2261.24489	0.99362
2259.19108	0.99397
2257.13727	0.99349
2255.08346	0.99283
2253.02965	0.99237
2250.97584	0.9923
2248.92203	0.99291
2246.86822	0.99357
2244.81441	0.99348
2242.7606	0.99307
2240.70679	0.99298
2238.65298	0.99316
2236.59917	0.99273
2234.54536	0.99163
2232.49155	0.99098
2230.43774	0.99092
2228.38393	0.99116
2226.33012	0.99196
2224.27631	0.99291
2222.2225	0.99329
2220.16869	0.9932
2218.11488	0.99315
2216.06107	0.99291
2214.00726	0.99241
2211.95344	0.99284
2209.89963	0.99419
2207.84582	0.99477
2205.79201	0.99449
2203.7382	0.99409
2201.68439	0.99345
2199.63058	0.99295
2197.57677	0.99256
2195.52296	0.99209
2193.46915	0.99246
2191.41534	0.99339
2189.36153	0.99362
2187.30772	0.99308
2185.25391	0.99223
2183.2001	0.9917
2181.14629	0.99223
2179.09248	0.99257
2177.03867	0.99255
2174.98486	0.99426
2172.93105	0.99555
2170.87724	0.99381
2168.82343	0.99157
2166.76962	0.99069
2164.71581	0.98985
2162.662	0.98831
2160.60819	0.98856
2158.55438	0.99246
2156.50057	0.99526
2154.44676	0.99379
2152.39295	0.99194
2150.33914	0.99231
2148.28533	0.99318
2146.23152	0.99351
2144.17771	0.99399
2142.1239	0.99434
2140.07009	0.99436
2138.01628	0.99454
2135.96247	0.99544
2133.90866	0.99577
2131.85485	0.99474
2129.80104	0.99418
2127.74723	0.99439
2125.69342	0.99483
2123.63961	0.99511
2121.5858	0.99462
2119.53199	0.99377
2117.47818	0.99314
2115.42437	0.99252
2113.37056	0.99215
2111.31675	0.99213
2109.26294	0.99195
2107.20913	0.99228
2105.15532	0.993
2103.10151	0.99305
2101.0477	0.99285
2098.99389	0.99269
2096.94008	0.9927
2094.88627	0.99315
2092.83246	0.99334
2090.77865	0.9931
2088.72484	0.99291
2086.67103	0.99229
2084.61722	0.99118
2082.56341	0.99097
2080.5096	0.9919
2078.45579	0.99264
2076.40198	0.99281
2074.34817	0.99284
2072.29436	0.99286
2070.24055	0.99327
2068.18674	0.99404
2066.13293	0.99441
2064.07912	0.99444
2062.02531	0.99417
2059.9715	0.99284
2057.91769	0.99152
2055.86388	0.99173
2053.81007	0.99212
2051.75626	0.99179
2049.70245	0.9919
2047.64864	0.99229
2045.59483	0.99195
2043.54102	0.99093
2041.48721	0.99006
2039.4334	0.99094
2037.37959	0.99264
2035.32578	0.99285
2033.27197	0.99302
2031.21816	0.99441
2029.16435	0.9953
2027.11054	0.99524
2025.05673	0.99413
2023.00292	0.99187
2020.94911	0.99094
2018.8953	0.99216
2016.84149	0.99366
2014.78768	0.99396
2012.73387	0.99299
2010.68006	0.99185
2008.62625	0.99141
2006.57244	0.99232
2004.51863	0.99374
2002.46482	0.9935
2000.41101	0.99143
1998.3572	0.98951
1996.30339	0.98886
1994.24958	0.98929
1992.19577	0.99091
1990.14196	0.99275
1988.08815	0.99326
1986.03434	0.99265
1983.98053	0.99175
1981.92672	0.99081
1979.87291	0.99008
1977.8191	0.99049
1975.76529	0.99223
1973.71148	0.994
1971.65767	0.99427
1969.60386	0.99359
1967.55005	0.99395
1965.49624	0.99476
1963.44243	0.99417
1961.38862	0.99287
1959.33481	0.99222
1957.281	0.9923
1955.22719	0.99257
1953.17338	0.99246
1951.11957	0.99232
1949.06576	0.99283
1947.01195	0.99352
1944.95814	0.99368
1942.90433	0.99339
1940.85052	0.99348
1938.79671	0.99409
1936.7429	0.99425
1934.68909	0.99379
1932.63528	0.99381
1930.58147	0.99459
1928.52766	0.995
1926.47385	0.99463
1924.42004	0.99436
1922.36623	0.99456
1920.31242	0.99428
1918.25861	0.99329
1916.20479	0.99246
1914.15098	0.99238
1912.09717	0.99309
1910.04336	0.99389
1907.98955	0.99402
1905.93574	0.99374
1903.88193	0.99338
1901.82812	0.99291
1899.77431	0.99277
1897.7205	0.99309
1895.66669	0.99338
1893.61288	0.99328
1891.55907	0.99285
1889.50526	0.99272
1887.45145	0.99292
1885.39764	0.99325
1883.34383	0.99389
1881.29002	0.9942
1879.23621	0.99376
1877.1824	0.99313
1875.12859	0.99284
1873.07478	0.99293
1871.02097	0.99302
1868.96716	0.99303
1866.91335	0.99343
1864.85954	0.99387
1862.80573	0.99369
1860.75192	0.99315
1858.69811	0.99299
1856.6443	0.99337
1854.59049	0.99379
1852.53668	0.99381
1850.48287	0.99332
1848.42906	0.99284
1846.37525	0.99296
1844.32144	0.99361
1842.26763	0.99417
1840.21382	0.99402
1838.16001	0.9934
1836.1062	0.99318
1834.05239	0.99346
1831.99858	0.99365
1829.94477	0.99374
1827.89096	0.99373
1825.83715	0.99343
1823.78334	0.99306
1821.72953	0.9929
1819.67572	0.99303
1817.62191	0.99326
1815.5681	0.99332
1813.51429	0.99324
1811.46048	0.99329
1809.40667	0.99331
1807.35286	0.99309
1805.29905	0.99277
1803.24524	0.99244
1801.19143	0.99215
1799.13762	0.99193
1797.08381	0.99175
1795.03	0.99181
1792.97619	0.99221
1790.92238	0.99264
1788.86857	0.99274
1786.81476	0.9927
1784.76095	0.99271
1782.70714	0.99279
1780.65333	0.99288
1778.59952	0.99284
1776.54571	0.99281
1774.4919	0.99297
1772.43809	0.99312
1770.38428	0.99306
1768.33047	0.99291
1766.27666	0.99268
1764.22285	0.99239
1762.16904	0.99225
1760.11523	0.99227
1758.06142	0.99232
1756.00761	0.9924
1753.9538	0.99237
1751.89999	0.99224
1749.84618	0.99197
1747.79237	0.99171
1745.73856	0.99175
1743.68475	0.99179
1741.63094	0.99155
1739.57713	0.99131
1737.52332	0.9912
1735.46951	0.99128
1733.4157	0.99139
1731.36189	0.99116
1729.30808	0.99112
1727.25427	0.99152
1725.20046	0.9919
1723.14665	0.99191
1721.09284	0.99177
1719.03903	0.99185
1716.98522	0.99208
1714.93141	0.99205
1712.8776	0.99174
1710.82379	0.99136
1708.76998	0.99114
1706.71617	0.99123
1704.66236	0.99162
1702.60855	0.9919
1700.55474	0.99183
1698.50093	0.99161
1696.44712	0.99121
1694.39331	0.99088
1692.3395	0.991
1690.28569	0.99115
1688.23188	0.99105
1686.17807	0.99088
1684.12426	0.99086
1682.07045	0.99095
1680.01664	0.99081
1677.96283	0.99048
1675.90902	0.99022
1673.85521	0.99008
1671.8014	0.98987
1669.74759	0.98953
1667.69378	0.98932
1665.63997	0.98943
1663.58616	0.98961
1661.53235	0.98964
1659.47854	0.98954
1657.42473	0.98934
1655.37092	0.98892
1653.31711	0.98857
1651.2633	0.989
1649.20949	0.98939
1647.15568	0.98948
1645.10187	0.98935
1643.04806	0.98912
1640.99425	0.98887
1638.94044	0.98851
1636.88663	0.98823
1634.83282	0.98857
1632.77901	0.98906
1630.7252	0.98921
1628.67139	0.98925
1626.61758	0.98928
1624.56377	0.9892
1622.50996	0.98919
1620.45614	0.98951
1618.40233	0.99006
1616.34852	0.9906
1614.29471	0.99054
1612.2409	0.99008
1610.18709	0.98966
1608.13328	0.98952
1606.07947	0.98969
1604.02566	0.99
1601.97185	0.99015
1599.91804	0.99001
1597.86423	0.98979
1595.81042	0.98964
1593.75661	0.98956
1591.7028	0.98956
1589.64899	0.9897
1587.59518	0.98977
1585.54137	0.98962
1583.48756	0.98932
1581.43375	0.98914
1579.37994	0.98917
1577.32613	0.98929
1575.27232	0.98942
1573.21851	0.9895
1571.1647	0.98955
1569.11089	0.98965
1567.05708	0.98955
1565.00327	0.98923
1562.94946	0.98892
1560.89565	0.9888
1558.84184	0.98907
1556.78803	0.98917
1554.73422	0.98879
1552.68041	0.98838
1550.6266	0.98797
1548.57279	0.98753
1546.51898	0.98722
1544.46517	0.98712
1542.41136	0.98723
1540.35755	0.98742
1538.30374	0.98708
1536.24993	0.98647
1534.19612	0.986
1532.14231	0.98573
1530.0885	0.98557
1528.03469	0.98537
1525.98088	0.98513
1523.92707	0.98495
1521.87326	0.98474
1519.81945	0.98445
1517.76564	0.98433
1515.71183	0.98437
1513.65802	0.98438
1511.60421	0.98436
1509.5504	0.98422
1507.49659	0.98393
1505.44278	0.9838
1503.38897	0.9836
1501.33516	0.98319
1499.28135	0.98276
1497.22754	0.98257
1495.17373	0.98263
1493.11992	0.98266
1491.06611	0.98246
1489.0123	0.98203
1486.95849	0.98151
1484.90468	0.9808
1482.85087	0.97976
1480.79706	0.97805
1478.74325	0.97422
1476.68944	0.96404
1474.63563	0.94437
1472.58182	0.92455
1470.52801	0.92096
1468.4742	0.92693
1466.42039	0.93089
1464.36658	0.92967
1462.31277	0.93038
1460.25896	0.93879
1458.20515	0.95236
1456.15134	0.96394
1454.09753	0.96886
1452.04372	0.97143
1449.98991	0.97345
1447.9361	0.9748
1445.88229	0.97562
1443.82848	0.97629
1441.77467	0.977
1439.72086	0.97761
1437.66705	0.97811
1435.61324	0.97864
1433.55943	0.97909
1431.50562	0.97957
1429.45181	0.98023
1427.398	0.98097
1425.34419	0.98168
1423.29038	0.9823
1421.23657	0.98278
1419.18276	0.98322
1417.12895	0.98367
1415.07514	0.98411
1413.02133	0.98449
1410.96752	0.98474
1408.91371	0.9849
1406.8599	0.98512
1404.80609	0.98543
1402.75228	0.9857
1400.69847	0.9859
1398.64466	0.98608
1396.59085	0.98617
1394.53704	0.98635
1392.48323	0.9867
1390.42942	0.98685
1388.37561	0.98685
1386.3218	0.98696
1384.26799	0.987
1382.21418	0.98688
1380.16037	0.98676
1378.10656	0.98677
1376.05275	0.98692
1373.99894	0.98697
1371.94513	0.98669
1369.89132	0.98633
1367.83751	0.98619
1365.7837	0.98633
1363.72989	0.98671
1361.67608	0.98707
1359.62227	0.98729
1357.56846	0.98744
1355.51465	0.98747
1353.46084	0.98739
1351.40703	0.98732
1349.35322	0.98738
1347.29941	0.98766
1345.2456	0.98794
1343.19179	0.98803
1341.13798	0.98815
1339.08417	0.98842
1337.03036	0.98866
1334.97655	0.98876
1332.92274	0.98889
1330.86893	0.98903
1328.81512	0.98898
1326.7613	0.98884
1324.70749	0.98882
1322.65368	0.98885
1320.59987	0.98873
1318.54606	0.98852
1316.49225	0.98846
1314.43844	0.98839
1312.38463	0.98805
1310.33082	0.98769
1308.27701	0.98773
1306.2232	0.98804
1304.16939	0.9882
1302.11558	0.98811
1300.06177	0.98776
1298.00796	0.98745
1295.95415	0.98764
1293.90034	0.98816
1291.84653	0.98848
1289.79272	0.98851
1287.73891	0.98845
1285.6851	0.98843
1283.63129	0.98843
1281.57748	0.98844
1279.52367	0.98842
1277.46986	0.9884
1275.41605	0.98839
1273.36224	0.98844
1271.30843	0.9886
1269.25462	0.98876
1267.20081	0.98884
1265.147	0.98884
1263.09319	0.98872
1261.03938	0.98859
1258.98557	0.98855
1256.93176	0.98847
1254.87795	0.98847
1252.82414	0.98855
1250.77033	0.98849
1248.71652	0.98837
1246.66271	0.98831
1244.6089	0.9883
1242.55509	0.98825
1240.50128	0.98807
1238.44747	0.98798
1236.39366	0.98809
1234.33985	0.98822
1232.28604	0.98807
1230.23223	0.98782
1228.17842	0.98781
1226.12461	0.98787
1224.0708	0.988
1222.01699	0.98815
1219.96318	0.98816
1217.90937	0.98817
1215.85556	0.98824
1213.80175	0.98823
1211.74794	0.98816
1209.69413	0.98799
1207.64032	0.98768
1205.58651	0.98747
1203.5327	0.98746
1201.47889	0.98751
1199.42508	0.98747
1197.37127	0.98739
1195.31746	0.98741
1193.26365	0.98746
1191.20984	0.98748
1189.15603	0.98746
1187.10222	0.98727
1185.04841	0.98692
1182.9946	0.98661
1180.94079	0.98651
1178.88698	0.98646
1176.83317	0.98632
1174.77936	0.98623
1172.72555	0.98622
1170.67174	0.98612
1168.61793	0.98591
1166.56412	0.98575
1164.51031	0.98561
1162.4565	0.98541
1160.40269	0.9853
1158.34888	0.98543
1156.29507	0.98555
1154.24126	0.98534
1152.18745	0.98506
1150.13364	0.98498
1148.07983	0.98495
1146.02602	0.98482
1143.97221	0.98465
1141.9184	0.98454
1139.86459	0.9844
1137.81078	0.98402
1135.75697	0.9835
1133.70316	0.98317
1131.64935	0.98306
1129.59554	0.9829
1127.54173	0.98257
1125.48792	0.98214
1123.43411	0.98168
1121.3803	0.98118
1119.32649	0.98071
1117.27268	0.98044
1115.21887	0.98035
1113.16506	0.98016
1111.11125	0.9798
1109.05744	0.97934
1107.00363	0.97883
1104.94982	0.97847
1102.89601	0.97814
1100.8422	0.97775
1098.78839	0.97746
1096.73458	0.97721
1094.68077	0.977
1092.62696	0.97688
1090.57315	0.97678
1088.51934	0.97653
1086.46553	0.97601
1084.41172	0.9754
1082.35791	0.97511
1080.3041	0.97511
1078.25029	0.97517
1076.19648	0.97518
1074.14267	0.97516
1072.08886	0.97494
1070.03505	0.97439
1067.98124	0.97385
1065.92743	0.97352
1063.87362	0.97325
1061.81981	0.97294
1059.766	0.97269
1057.71219	0.97253
1055.65838	0.97234
1053.60457	0.97199
1051.55076	0.97157
1049.49695	0.97127
1047.44314	0.97109
1045.38933	0.97088
1043.33552	0.97051
1041.28171	0.97005
1039.2279	0.96964
1037.17409	0.96939
1035.12028	0.96927
1033.06647	0.96916
1031.01265	0.96905
1028.95884	0.96909
1026.90503	0.96944
1024.85122	0.9699
1022.79741	0.97017
1020.7436	0.97022
1018.68979	0.97032
1016.63598	0.97056
1014.58217	0.9707
1012.52836	0.97069
1010.47455	0.97086
1008.42074	0.97121
1006.36693	0.97144
1004.31312	0.97161
1002.25931	0.97201
1000.2055	0.97264
998.15169	0.97325
996.09788	0.9738
994.04407	0.97437
991.99026	0.97492
989.93645	0.97548
987.88264	0.97593
985.82883	0.9762
983.77502	0.97649
981.72121	0.97702
979.6674	0.97797
977.61359	0.97894
975.55978	0.97931
973.50597	0.97954
971.45216	0.98009
969.39835	0.98059
967.34454	0.98076
965.29073	0.98078
963.23692	0.98092
961.18311	0.98113
959.1293	0.98133
957.07549	0.98164
955.02168	0.98205
952.96787	0.98243
950.91406	0.9827
948.86025	0.983
946.80644	0.98336
944.75263	0.98355
942.69882	0.98341
940.64501	0.98309
938.5912	0.98292
936.53739	0.98297
934.48358	0.98319
932.42977	0.98343
930.37596	0.98358
928.32215	0.98365
926.26834	0.98355
924.21453	0.98321
922.16072	0.98284
920.10691	0.98272
918.0531	0.98269
915.99929	0.98237
913.94548	0.98194
911.89167	0.98165
909.83786	0.98133
907.78405	0.9811
905.73024	0.98163
903.67643	0.98263
901.62262	0.98322
899.56881	0.98347
897.515	0.98391
895.46119	0.98441
893.40738	0.98473
891.35357	0.98473
889.29976	0.98444
887.24595	0.98412
885.19214	0.98375
883.13833	0.98318
881.08452	0.98251
879.03071	0.98188
876.9769	0.98145
874.92309	0.98161
872.86928	0.98241
870.81547	0.98316
868.76166	0.98347
866.70785	0.98328
864.65404	0.98313
862.60023	0.98329
860.54642	0.98314
858.49261	0.98259
856.4388	0.98264
854.38499	0.98369
852.33118	0.98461
850.27737	0.9848
848.22356	0.98501
846.16975	0.98539
844.11594	0.98535
842.06213	0.98518
840.00832	0.98525
837.95451	0.98533
835.9007	0.98564
833.84689	0.98608
831.79308	0.98606
829.73927	0.98561
827.68546	0.98516
825.63165	0.98505
823.57784	0.98516
821.52403	0.98475
819.47022	0.98417
817.41641	0.98438
815.3626	0.98484
813.30879	0.98488
811.25498	0.98447
809.20117	0.98364
807.14736	0.98301
805.09355	0.983
803.03974	0.98325
800.98593	0.983
798.93212	0.98223
796.87831	0.98204
794.8245	0.98244
792.77069	0.98243
790.71688	0.98211
788.66307	0.98214
786.60926	0.98226
784.55545	0.98196
782.50164	0.98169
780.44783	0.98184
778.39402	0.98195
776.34021	0.98178
774.2864	0.98167
772.23259	0.98174
770.17878	0.98153
768.12497	0.98099
766.07116	0.98081
764.01735	0.98081
761.96354	0.98051
759.90973	0.98036
757.85592	0.98073
755.80211	0.98092
753.7483	0.98027
751.69449	0.97945
749.64068	0.97913
747.58687	0.97908
745.53306	0.97896
743.47925	0.97881
741.42544	0.9784
739.37163	0.9772
737.31781	0.97499
735.264	0.97061
733.21019	0.96135
731.15638	0.94931
729.10257	0.94371
727.04876	0.94631
724.99495	0.94739
722.94114	0.93887
720.88733	0.92106
718.83352	0.90461
716.77971	0.90163
714.7259	0.91303
712.67209	0.9305
710.61828	0.94543
708.56447	0.95503
706.51066	0.96048
704.45685	0.96335
702.40304	0.96473
700.34923	0.96566
698.29542	0.9668
696.24161	0.968
694.1878	0.96908
692.13399	0.96971
690.08018	0.9694
688.02637	0.96879
685.97256	0.9691
683.91875	0.96967
681.86494	0.96961
679.81113	0.96955
677.75732	0.96974
675.70351	0.96975
673.6497	0.9697
671.59589	0.97016
669.54208	0.97075
667.48827	0.97047
665.43446	0.97001
663.38065	0.97005
661.32684	0.9702
659.27303	0.97083
657.21922	0.97167
655.16541	0.97155
653.1116	0.97102
651.05779	0.97072
649.00398	0.97069
646.95017	0.97141
644.89636	0.97193
642.84255	0.97134
640.78874	0.97086
638.73493	0.97116
636.68112	0.97139
634.62731	0.9711
632.5735	0.97048
630.51969	0.97015
628.46588	0.97083
626.41207	0.97151
624.35826	0.97119
622.30445	0.97145
620.25064	0.97252
618.19683	0.97325
616.14302	0.97363
614.08921	0.97326
612.0354	0.97275
609.98159	0.97282
607.92778	0.97218
605.87397	0.97087
603.82016	0.97052
601.76635	0.97107
599.71254	0.97157
597.65873	0.97135
595.60492	0.97049
593.55111	0.96989
591.4973	0.96973
589.44349	0.96969
587.38968	0.96989
585.33587	0.96988
583.28206	0.96901
581.22825	0.96815
579.17444	0.96812
577.12063	0.96848
575.06682	0.96804
573.01301	0.96651
570.9592	0.9652
568.90539	0.96519
566.85158	0.96609
564.79777	0.96667
562.74396	0.96663
560.69015	0.96626
558.63634	0.96579
556.58253	0.96558
554.52872	0.96571
552.47491	0.96532
550.4211	0.96422
548.36729	0.96384
546.31348	0.96433
544.25967	0.96488
542.20586	0.96512
540.15205	0.96465
538.09824	0.96431
536.04443	0.96469
533.99062	0.96495
531.93681	0.96478
529.883	0.96459
527.82919	0.96476
525.77538	0.96418
523.72157	0.96271
521.66776	0.96267
519.61395	0.9635
517.56014	0.96408
515.50633	0.96503
513.45252	0.96575
511.39871	0.96595
509.3449	0.96583
507.29109	0.96555
505.23728	0.96547
503.18347	0.96595
501.12966	0.96678
499.07585	0.9672
497.02204	0.96736
494.96823	0.96796
492.91442	0.96915
490.86061	0.96955
488.8068	0.96764
486.75299	0.96558
484.69918	0.96598
482.64537	0.96652
480.59156	0.96507
478.53775	0.96232
476.48394	0.95947
474.43013	0.95928
472.37632	0.96132
470.32251	0.961
468.2687	0.95871
466.21489	0.95743
464.16108	0.95743
462.10727	0.95853
460.05346	0.96008
457.99965	0.95978
455.94584	0.95794
453.89203	0.95866
451.83822	0.96205
449.78441	0.96421
447.7306	0.96519
445.67679	0.96639
443.62298	0.96619
441.56916	0.96494
439.51535	0.96439
437.46154	0.96298
435.40773	0.95906
433.35392	0.95596
431.30011	0.95646
429.2463	0.95877
427.19249	0.95837
425.13868	0.95466
423.08487	0.95316
421.03106	0.95408
418.97725	0.95412
416.92344	0.95343
414.86963	0.95383
412.81582	0.95661
410.76201	0.95968
408.7082	0.96088
406.65439	0.96122
404.60058	0.96197
402.54677	0.96362
400.49296	0.96315
398.43915	0.96091
KMeans Clustering	8.0
Spectral Clustering	10.0
Agglomerative Clustering	0.0
