Numero de onda	Muestra 340
3996.7144	0.98283
3994.66059	0.98278
3992.60678	0.98276
3990.55297	0.98261
3988.49916	0.98247
3986.44535	0.98258
3984.39154	0.98273
3982.33773	0.98269
3980.28391	0.98254
3978.2301	0.98251
3976.17629	0.98258
3974.12248	0.98244
3972.06867	0.98197
3970.01486	0.98164
3967.96105	0.98189
3965.90724	0.98234
3963.85343	0.98244
3961.79962	0.98231
3959.74581	0.98224
3957.692	0.98236
3955.63819	0.9827
3953.58438	0.98296
3951.53057	0.98304
3949.47676	0.98283
3947.42295	0.98246
3945.36914	0.98242
3943.31533	0.98265
3941.26152	0.98261
3939.20771	0.98247
3937.1539	0.98251
3935.10009	0.98225
3933.04628	0.98183
3930.99247	0.98201
3928.93866	0.98251
3926.88485	0.9827
3924.83104	0.98253
3922.77723	0.98228
3920.72342	0.98227
3918.66961	0.98242
3916.6158	0.98248
3914.56199	0.98267
3912.50818	0.98292
3910.45437	0.9828
3908.40056	0.98254
3906.34675	0.98241
3904.29294	0.98215
3902.23913	0.98203
3900.18532	0.98251
3898.13151	0.98291
3896.0777	0.98275
3894.02389	0.98262
3891.97008	0.9828
3889.91627	0.98284
3887.86246	0.98264
3885.80865	0.98232
3883.75484	0.98215
3881.70103	0.98227
3879.64722	0.98245
3877.59341	0.98252
3875.5396	0.98254
3873.48579	0.9827
3871.43198	0.98275
3869.37817	0.98245
3867.32436	0.98237
3865.27055	0.98251
3863.21674	0.98254
3861.16293	0.9826
3859.10912	0.98277
3857.05531	0.98295
3855.0015	0.98275
3852.94769	0.9817
3850.89388	0.98134
3848.84007	0.98212
3846.78626	0.98295
3844.73245	0.98322
3842.67864	0.98322
3840.62483	0.9833
3838.57102	0.98309
3836.51721	0.98252
3834.4634	0.98237
3832.40959	0.98259
3830.35578	0.98245
3828.30197	0.98211
3826.24816	0.98229
3824.19435	0.98282
3822.14054	0.9831
3820.08673	0.98302
3818.03292	0.98286
3815.97911	0.98258
3813.9253	0.98254
3811.87149	0.98289
3809.81768	0.98323
3807.76387	0.98326
3805.71006	0.98295
3803.65625	0.98271
3801.60244	0.98252
3799.54863	0.98236
3797.49482	0.9825
3795.44101	0.98279
3793.3872	0.98294
3791.33339	0.98308
3789.27958	0.98324
3787.22577	0.98324
3785.17196	0.98318
3783.11815	0.98329
3781.06434	0.98359
3779.01053	0.98363
3776.95672	0.98354
3774.90291	0.98354
3772.8491	0.98331
3770.79529	0.98296
3768.74148	0.98303
3766.68767	0.98359
3764.63386	0.98408
3762.58005	0.98426
3760.52624	0.98409
3758.47243	0.98365
3756.41862	0.98341
3754.36481	0.9833
3752.311	0.98302
3750.25719	0.98278
3748.20338	0.98318
3746.14957	0.98382
3744.09576	0.98387
3742.04195	0.98358
3739.98814	0.98352
3737.93433	0.98326
3735.88052	0.98269
3733.82671	0.98247
3731.7729	0.98287
3729.71909	0.98329
3727.66528	0.9832
3725.61147	0.98277
3723.55766	0.98274
3721.50385	0.98302
3719.45004	0.98279
3717.39623	0.9821
3715.34242	0.98164
3713.28861	0.98139
3711.2348	0.98058
3709.18099	0.97918
3707.12718	0.97807
3705.07337	0.9776
3703.01956	0.97725
3700.96575	0.97648
3698.91194	0.97576
3696.85813	0.97534
3694.80432	0.97532
3692.75051	0.97588
3690.6967	0.97638
3688.64289	0.9764
3686.58907	0.97648
3684.53526	0.97669
3682.48145	0.97672
3680.42764	0.97665
3678.37383	0.9767
3676.32002	0.97625
3674.26621	0.97557
3672.2124	0.976
3670.15859	0.97626
3668.10478	0.97548
3666.05097	0.97511
3663.99716	0.9754
3661.94335	0.97547
3659.88954	0.97496
3657.83573	0.97415
3655.78192	0.97338
3653.72811	0.97312
3651.6743	0.97322
3649.62049	0.97357
3647.56668	0.97381
3645.51287	0.97353
3643.45906	0.97303
3641.40525	0.97248
3639.35144	0.97206
3637.29763	0.97176
3635.24382	0.97142
3633.19001	0.97115
3631.1362	0.97121
3629.08239	0.97108
3627.02858	0.97009
3624.97477	0.96942
3622.92096	0.96923
3620.86715	0.96916
3618.81334	0.96939
3616.75953	0.97005
3614.70572	0.97041
3612.65191	0.97037
3610.5981	0.97055
3608.54429	0.97066
3606.49048	0.97032
3604.43667	0.97002
3602.38286	0.96971
3600.32905	0.96933
3598.27524	0.96972
3596.22143	0.97083
3594.16762	0.97152
3592.11381	0.97171
3590.06	0.97201
3588.00619	0.97212
3585.95238	0.97195
3583.89857	0.97197
3581.84476	0.97202
3579.79095	0.97193
3577.73714	0.97176
3575.68333	0.97163
3573.62952	0.97161
3571.57571	0.97172
3569.5219	0.97179
3567.46809	0.97144
3565.41428	0.97088
3563.36047	0.97068
3561.30666	0.97061
3559.25285	0.97042
3557.19904	0.97033
3555.14523	0.97037
3553.09142	0.9705
3551.03761	0.97084
3548.9838	0.97099
3546.92999	0.9706
3544.87618	0.97022
3542.82237	0.97027
3540.76856	0.97043
3538.71475	0.97043
3536.66094	0.9702
3534.60713	0.96968
3532.55332	0.96928
3530.49951	0.96939
3528.4457	0.96967
3526.39189	0.96977
3524.33808	0.96974
3522.28427	0.96962
3520.23046	0.96947
3518.17665	0.96924
3516.12284	0.96893
3514.06903	0.96876
3512.01522	0.96879
3509.96141	0.96874
3507.9076	0.96861
3505.85379	0.96873
3503.79998	0.96883
3501.74617	0.96852
3499.69236	0.96824
3497.63855	0.96832
3495.58474	0.96855
3493.53093	0.96872
3491.47712	0.96878
3489.42331	0.96865
3487.3695	0.96824
3485.31569	0.96774
3483.26188	0.96735
3481.20807	0.967
3479.15426	0.96691
3477.10045	0.96719
3475.04664	0.9675
3472.99283	0.96748
3470.93902	0.96706
3468.88521	0.96661
3466.8314	0.96648
3464.77759	0.96665
3462.72378	0.96689
3460.66997	0.96681
3458.61616	0.96637
3456.56235	0.96616
3454.50854	0.96629
3452.45473	0.96635
3450.40092	0.96623
3448.34711	0.96614
3446.2933	0.96594
3444.23949	0.96548
3442.18568	0.96494
3440.13187	0.96454
3438.07806	0.96449
3436.02425	0.9649
3433.97044	0.96525
3431.91663	0.96517
3429.86282	0.96506
3427.80901	0.96507
3425.7552	0.96503
3423.70139	0.96507
3421.64758	0.96512
3419.59377	0.96494
3417.53996	0.96476
3415.48615	0.96483
3413.43234	0.96484
3411.37853	0.96471
3409.32472	0.96469
3407.27091	0.96467
3405.2171	0.96453
3403.16329	0.96461
3401.10948	0.9649
3399.05567	0.96511
3397.00186	0.96533
3394.94805	0.96541
3392.89424	0.96517
3390.84042	0.9649
3388.78661	0.96477
3386.7328	0.96462
3384.67899	0.96442
3382.62518	0.96427
3380.57137	0.96431
3378.51756	0.96458
3376.46375	0.96476
3374.40994	0.96471
3372.35613	0.9645
3370.30232	0.96428
3368.24851	0.96432
3366.1947	0.96464
3364.14089	0.96501
3362.08708	0.96515
3360.03327	0.96496
3357.97946	0.96472
3355.92565	0.96461
3353.87184	0.96454
3351.81803	0.96469
3349.76422	0.96514
3347.71041	0.9654
3345.6566	0.96542
3343.60279	0.96545
3341.54898	0.96546
3339.49517	0.96537
3337.44136	0.9652
3335.38755	0.96522
3333.33374	0.96524
3331.27993	0.9652
3329.22612	0.96519
3327.17231	0.96507
3325.1185	0.96507
3323.06469	0.96533
3321.01088	0.96535
3318.95707	0.96509
3316.90326	0.96521
3314.84945	0.96574
3312.79564	0.96612
3310.74183	0.96609
3308.68802	0.96586
3306.63421	0.96573
3304.5804	0.96573
3302.52659	0.96586
3300.47278	0.96599
3298.41897	0.96592
3296.36516	0.96589
3294.31135	0.96611
3292.25754	0.96633
3290.20373	0.96645
3288.14992	0.96664
3286.09611	0.96676
3284.0423	0.96658
3281.98849	0.96633
3279.93468	0.96647
3277.88087	0.9668
3275.82706	0.9668
3273.77325	0.96675
3271.71944	0.96697
3269.66563	0.96737
3267.61182	0.96765
3265.55801	0.96769
3263.5042	0.96778
3261.45039	0.9679
3259.39658	0.9679
3257.34277	0.96788
3255.28896	0.96793
3253.23515	0.96816
3251.18134	0.96834
3249.12753	0.96832
3247.07372	0.96856
3245.01991	0.96906
3242.9661	0.96924
3240.91229	0.96921
3238.85848	0.96923
3236.80467	0.96941
3234.75086	0.96989
3232.69705	0.97025
3230.64324	0.97025
3228.58943	0.9702
3226.53562	0.97014
3224.48181	0.97002
3222.428	0.97004
3220.37419	0.97023
3218.32038	0.97035
3216.26657	0.97043
3214.21276	0.97053
3212.15895	0.9706
3210.10514	0.97069
3208.05133	0.97083
3205.99752	0.971
3203.94371	0.97116
3201.8899	0.97129
3199.83609	0.97138
3197.78228	0.97166
3195.72847	0.9721
3193.67466	0.97229
3191.62085	0.97225
3189.56704	0.97233
3187.51323	0.97275
3185.45942	0.97315
3183.40561	0.97326
3181.3518	0.97342
3179.29799	0.97337
3177.24418	0.97308
3175.19037	0.97317
3173.13656	0.97365
3171.08275	0.97403
3169.02894	0.97419
3166.97513	0.97408
3164.92132	0.97388
3162.86751	0.97401
3160.8137	0.97425
3158.75989	0.97438
3156.70608	0.97466
3154.65227	0.97505
3152.59846	0.97527
3150.54465	0.97516
3148.49084	0.97489
3146.43703	0.97488
3144.38322	0.97519
3142.32941	0.97552
3140.2756	0.97585
3138.22179	0.97602
3136.16798	0.97578
3134.11417	0.97535
3132.06036	0.97524
3130.00655	0.97559
3127.95274	0.97607
3125.89893	0.97644
3123.84512	0.97661
3121.79131	0.97663
3119.7375	0.97671
3117.68369	0.9767
3115.62988	0.97652
3113.57607	0.97646
3111.52226	0.97638
3109.46845	0.9761
3107.41464	0.97608
3105.36083	0.97654
3103.30702	0.97705
3101.25321	0.97719
3099.1994	0.97707
3097.14559	0.97682
3095.09177	0.97663
3093.03796	0.97668
3090.98415	0.97673
3088.93034	0.97662
3086.87653	0.97632
3084.82272	0.97585
3082.76891	0.97572
3080.7151	0.97615
3078.66129	0.97652
3076.60748	0.97656
3074.55367	0.97665
3072.49986	0.97676
3070.44605	0.97672
3068.39224	0.97679
3066.33843	0.97703
3064.28462	0.97704
3062.23081	0.97688
3060.177	0.9769
3058.12319	0.97684
3056.06938	0.9767
3054.01557	0.97674
3051.96176	0.97669
3049.90795	0.97649
3047.85414	0.97629
3045.80033	0.97628
3043.74652	0.97646
3041.69271	0.97675
3039.6389	0.97691
3037.58509	0.97671
3035.53128	0.97647
3033.47747	0.9764
3031.42366	0.97635
3029.36985	0.97641
3027.31604	0.97651
3025.26223	0.97646
3023.20842	0.97633
3021.15461	0.97616
3019.1008	0.97593
3017.04699	0.97589
3014.99318	0.97611
3012.93937	0.97639
3010.88556	0.97658
3008.83175	0.97642
3006.77794	0.97615
3004.72413	0.9762
3002.67032	0.9764
3000.61651	0.97653
2998.5627	0.97655
2996.50889	0.97638
2994.45508	0.97616
2992.40127	0.97604
2990.34746	0.9758
2988.29365	0.97537
2986.23984	0.97495
2984.18603	0.97446
2982.13222	0.97373
2980.07841	0.97288
2978.0246	0.97214
2975.97079	0.97164
2973.91698	0.97127
2971.86317	0.9707
2969.80936	0.96969
2967.75555	0.96847
2965.70174	0.96728
2963.64793	0.96593
2961.59412	0.96437
2959.54031	0.96263
2957.4865	0.96067
2955.43269	0.95861
2953.37888	0.95645
2951.32507	0.95407
2949.27126	0.95107
2947.21745	0.94697
2945.16364	0.94133
2943.10983	0.93368
2941.05602	0.92387
2939.00221	0.91197
2936.9484	0.89807
2934.89459	0.88176
2932.84078	0.86241
2930.78697	0.83969
2928.73316	0.81328
2926.67935	0.78219
2924.62554	0.74511
2922.57173	0.70196
2920.51792	0.65469
2918.46411	0.6077
2916.4103	0.56939
2914.35649	0.55031
2912.30268	0.55544
2910.24887	0.5794
2908.19506	0.61142
2906.14125	0.64291
2904.08744	0.66998
2902.03363	0.69209
2899.97982	0.71011
2897.92601	0.72524
2895.8722	0.73878
2893.81839	0.75178
2891.76458	0.76489
2889.71077	0.77859
2887.65696	0.79304
2885.60315	0.80778
2883.54934	0.82243
2881.49553	0.83733
2879.44172	0.85281
2877.38791	0.86807
2875.3341	0.88149
2873.28029	0.89201
2871.22648	0.89919
2869.17267	0.90309
2867.11886	0.90373
2865.06505	0.90052
2863.01124	0.89235
2860.95743	0.8778
2858.90362	0.85481
2856.84981	0.82001
2854.796	0.7699
2852.74219	0.70502
2850.68838	0.63604
2848.63457	0.58559
2846.58076	0.57425
2844.52695	0.60234
2842.47314	0.65294
2840.41933	0.70797
2838.36552	0.75656
2836.31171	0.79548
2834.2579	0.82578
2832.20409	0.84909
2830.15028	0.86697
2828.09647	0.88112
2826.04266	0.89247
2823.98885	0.90163
2821.93504	0.90935
2819.88123	0.91609
2817.82742	0.92181
2815.77361	0.92642
2813.7198	0.93016
2811.66599	0.93348
2809.61218	0.93663
2807.55837	0.9395
2805.50456	0.94184
2803.45075	0.94378
2801.39693	0.94566
2799.34312	0.94757
2797.28931	0.94942
2795.2355	0.95115
2793.18169	0.95271
2791.12788	0.95402
2789.07407	0.95512
2787.02026	0.95635
2784.96645	0.95793
2782.91264	0.95941
2780.85883	0.96037
2778.80502	0.96111
2776.75121	0.96187
2774.6974	0.96249
2772.64359	0.96305
2770.58978	0.96379
2768.53597	0.96459
2766.48216	0.96509
2764.42835	0.96537
2762.37454	0.96578
2760.32073	0.96639
2758.26692	0.96707
2756.21311	0.9675
2754.1593	0.96766
2752.10549	0.96774
2750.05168	0.96783
2747.99787	0.96805
2745.94406	0.96839
2743.89025	0.96866
2741.83644	0.96878
2739.78263	0.96891
2737.72882	0.96901
2735.67501	0.96904
2733.6212	0.96919
2731.56739	0.96951
2729.51358	0.96988
2727.45977	0.97021
2725.40596	0.97041
2723.35215	0.97053
2721.29834	0.97081
2719.24453	0.97115
2717.19072	0.97137
2715.13691	0.97157
2713.0831	0.97182
2711.02929	0.97207
2708.97548	0.97223
2706.92167	0.97236
2704.86786	0.97257
2702.81405	0.97279
2700.76024	0.97304
2698.70643	0.97331
2696.65262	0.97344
2694.59881	0.97332
2692.545	0.97314
2690.49119	0.97321
2688.43738	0.9735
2686.38357	0.97377
2684.32976	0.97387
2682.27595	0.9738
2680.22214	0.97368
2678.16833	0.9735
2676.11452	0.97338
2674.06071	0.97348
2672.0069	0.97351
2669.95309	0.97319
2667.89928	0.97274
2665.84547	0.97248
2663.79166	0.97242
2661.73785	0.97248
2659.68404	0.97259
2657.63023	0.97259
2655.57642	0.97247
2653.52261	0.97242
2651.4688	0.97245
2649.41499	0.97252
2647.36118	0.97266
2645.30737	0.97267
2643.25356	0.97257
2641.19975	0.97258
2639.14594	0.97271
2637.09213	0.97276
2635.03832	0.97264
2632.98451	0.97258
2630.9307	0.97274
2628.87689	0.97317
2626.82308	0.97363
2624.76927	0.97385
2622.71546	0.97413
2620.66165	0.97461
2618.60784	0.97491
2616.55403	0.97514
2614.50022	0.97567
2612.44641	0.97629
2610.3926	0.97663
2608.33879	0.9768
2606.28498	0.97709
2604.23117	0.97732
2602.17736	0.97727
2600.12355	0.97734
2598.06974	0.97747
2596.01593	0.97748
2593.96212	0.97774
2591.90831	0.97825
2589.8545	0.97864
2587.80069	0.97866
2585.74688	0.97842
2583.69307	0.97852
2581.63926	0.97904
2579.58545	0.97913
2577.53164	0.97885
2575.47783	0.97895
2573.42402	0.97916
2571.37021	0.97928
2569.3164	0.97943
2567.26259	0.97928
2565.20878	0.97906
2563.15497	0.97924
2561.10116	0.9796
2559.04735	0.97982
2556.99354	0.97984
2554.93973	0.97976
2552.88592	0.97964
2550.83211	0.97948
2548.7783	0.97951
2546.72449	0.97968
2544.67068	0.97982
2542.61687	0.98008
2540.56306	0.98033
2538.50925	0.98036
2536.45544	0.98044
2534.40163	0.98059
2532.34782	0.9807
2530.29401	0.98096
2528.2402	0.98081
2526.18639	0.98029
2524.13258	0.98023
2522.07877	0.9806
2520.02496	0.98096
2517.97115	0.98113
2515.91734	0.98123
2513.86353	0.98152
2511.80972	0.98184
2509.75591	0.98197
2507.7021	0.98189
2505.64828	0.98157
2503.59447	0.98134
2501.54066	0.9814
2499.48685	0.98144
2497.43304	0.98159
2495.37923	0.98184
2493.32542	0.98168
2491.27161	0.98136
2489.2178	0.9816
2487.16399	0.98219
2485.11018	0.98255
2483.05637	0.98258
2481.00256	0.98257
2478.94875	0.98263
2476.89494	0.98249
2474.84113	0.98215
2472.78732	0.98193
2470.73351	0.98197
2468.6797	0.98204
2466.62589	0.98224
2464.57208	0.98288
2462.51827	0.98348
2460.46446	0.98351
2458.41065	0.9833
2456.35684	0.9832
2454.30303	0.98304
2452.24922	0.98258
2450.19541	0.98235
2448.1416	0.98271
2446.08779	0.98315
2444.03398	0.98319
2441.98017	0.98294
2439.92636	0.98273
2437.87255	0.98277
2435.81874	0.98306
2433.76493	0.98338
2431.71112	0.98381
2429.65731	0.98396
2427.6035	0.98337
2425.54969	0.98299
2423.49588	0.98322
2421.44207	0.9832
2419.38826	0.98289
2417.33445	0.98271
2415.28064	0.98298
2413.22683	0.98356
2411.17302	0.98379
2409.11921	0.98357
2407.0654	0.98335
2405.01159	0.98346
2402.95778	0.98377
2400.90397	0.98397
2398.85016	0.98408
2396.79635	0.98428
2394.74254	0.98428
2392.68873	0.98399
2390.63492	0.98392
2388.58111	0.98401
2386.5273	0.98391
2384.47349	0.98404
2382.41968	0.98456
2380.36587	0.98472
2378.31206	0.9841
2376.25825	0.9834
2374.20444	0.98338
2372.15063	0.98374
2370.09682	0.98431
2368.04301	0.98522
2365.9892	0.98543
2363.93539	0.98474
2361.88158	0.98462
2359.82777	0.98517
2357.77396	0.98516
2355.72015	0.98448
2353.66634	0.98384
2351.61253	0.98303
2349.55872	0.9824
2347.50491	0.9825
2345.4511	0.98287
2343.39729	0.98283
2341.34348	0.98249
2339.28967	0.98202
2337.23586	0.98182
2335.18205	0.98218
2333.12824	0.98245
2331.07443	0.9821
2329.02062	0.98128
2326.96681	0.98034
2324.913	0.97947
2322.85919	0.9794
2320.80538	0.98057
2318.75157	0.98162
2316.69776	0.98173
2314.64395	0.9815
2312.59014	0.98159
2310.53633	0.98186
2308.48252	0.98196
2306.42871	0.98209
2304.3749	0.98216
2302.32109	0.98206
2300.26728	0.98218
2298.21347	0.98223
2296.15966	0.98208
2294.10585	0.98227
2292.05204	0.98261
2289.99823	0.9825
2287.94442	0.98187
2285.89061	0.9814
2283.8368	0.98159
2281.78299	0.98221
2279.72918	0.98322
2277.67537	0.98426
2275.62156	0.98443
2273.56775	0.98365
2271.51394	0.98306
2269.46013	0.9832
2267.40632	0.98323
2265.35251	0.98318
2263.2987	0.9834
2261.24489	0.98319
2259.19108	0.98273
2257.13727	0.9828
2255.08346	0.983
2253.02965	0.98311
2250.97584	0.9837
2248.92203	0.9846
2246.86822	0.98536
2244.81441	0.98575
2242.7606	0.98553
2240.70679	0.98513
2238.65298	0.98528
2236.59917	0.98564
2234.54536	0.98553
2232.49155	0.98534
2230.43774	0.98572
2228.38393	0.9858
2226.33012	0.98474
2224.27631	0.98389
2222.2225	0.98414
2220.16869	0.98448
2218.11488	0.98444
2216.06107	0.98466
2214.00726	0.98515
2211.95344	0.98536
2209.89963	0.9858
2207.84582	0.98694
2205.79201	0.98778
2203.7382	0.98745
2201.68439	0.98637
2199.63058	0.98534
2197.57677	0.98458
2195.52296	0.98403
2193.46915	0.98431
2191.41534	0.98529
2189.36153	0.9853
2187.30772	0.98424
2185.25391	0.98356
2183.2001	0.9835
2181.14629	0.98391
2179.09248	0.98493
2177.03867	0.98603
2174.98486	0.98706
2172.93105	0.98801
2170.87724	0.988
2168.82343	0.98682
2166.76962	0.98576
2164.71581	0.98494
2162.662	0.98392
2160.60819	0.98482
2158.55438	0.98733
2156.50057	0.9883
2154.44676	0.98827
2152.39295	0.98769
2150.33914	0.9865
2148.28533	0.98631
2146.23152	0.98741
2144.17771	0.98855
2142.1239	0.98871
2140.07009	0.98807
2138.01628	0.98776
2135.96247	0.98741
2133.90866	0.98665
2131.85485	0.98656
2129.80104	0.98716
2127.74723	0.98734
2125.69342	0.98709
2123.63961	0.98701
2121.5858	0.98698
2119.53199	0.98668
2117.47818	0.98611
2115.42437	0.98561
2113.37056	0.98531
2111.31675	0.98487
2109.26294	0.98433
2107.20913	0.98439
2105.15532	0.98536
2103.10151	0.98595
2101.0477	0.98526
2098.99389	0.98483
2096.94008	0.98593
2094.88627	0.98731
2092.83246	0.98759
2090.77865	0.98714
2088.72484	0.98671
2086.67103	0.98596
2084.61722	0.98482
2082.56341	0.98427
2080.5096	0.98443
2078.45579	0.98512
2076.40198	0.98649
2074.34817	0.98733
2072.29436	0.98653
2070.24055	0.98539
2068.18674	0.98529
2066.13293	0.98608
2064.07912	0.98708
2062.02531	0.98709
2059.9715	0.9863
2057.91769	0.98651
2055.86388	0.98763
2053.81007	0.98761
2051.75626	0.9862
2049.70245	0.9855
2047.64864	0.98662
2045.59483	0.98839
2043.54102	0.98904
2041.48721	0.9879
2039.4334	0.9861
2037.37959	0.98542
2035.32578	0.98565
2033.27197	0.98548
2031.21816	0.98538
2029.16435	0.98594
2027.11054	0.98651
2025.05673	0.98736
2023.00292	0.9891
2020.94911	0.99023
2018.8953	0.98994
2016.84149	0.98965
2014.78768	0.98909
2012.73387	0.98776
2010.68006	0.98733
2008.62625	0.98763
2006.57244	0.98746
2004.51863	0.98766
2002.46482	0.98788
2000.41101	0.98721
1998.3572	0.98687
1996.30339	0.98712
1994.24958	0.98717
1992.19577	0.98683
1990.14196	0.98607
1988.08815	0.98564
1986.03434	0.98534
1983.98053	0.98444
1981.92672	0.9837
1979.87291	0.98418
1977.8191	0.9862
1975.76529	0.98865
1973.71148	0.98999
1971.65767	0.99032
1969.60386	0.99005
1967.55005	0.98876
1965.49624	0.98724
1963.44243	0.98693
1961.38862	0.98791
1959.33481	0.98887
1957.281	0.98823
1955.22719	0.98679
1953.17338	0.98643
1951.11957	0.98679
1949.06576	0.98684
1947.01195	0.9865
1944.95814	0.98603
1942.90433	0.98551
1940.85052	0.98507
1938.79671	0.98526
1936.7429	0.986
1934.68909	0.98658
1932.63528	0.98657
1930.58147	0.98633
1928.52766	0.98629
1926.47385	0.98638
1924.42004	0.9865
1922.36623	0.9863
1920.31242	0.98566
1918.25861	0.98505
1916.20479	0.98482
1914.15098	0.98462
1912.09717	0.98447
1910.04336	0.9847
1907.98955	0.98512
1905.93574	0.98518
1903.88193	0.98461
1901.82812	0.98403
1899.77431	0.98409
1897.7205	0.98452
1895.66669	0.98494
1893.61288	0.98532
1891.55907	0.98533
1889.50526	0.98499
1887.45145	0.98477
1885.39764	0.98476
1883.34383	0.9848
1881.29002	0.98495
1879.23621	0.98531
1877.1824	0.98547
1875.12859	0.98522
1873.07478	0.98503
1871.02097	0.9851
1868.96716	0.98499
1866.91335	0.9847
1864.85954	0.98459
1862.80573	0.9847
1860.75192	0.98496
1858.69811	0.98485
1856.6443	0.98449
1854.59049	0.98463
1852.53668	0.98508
1850.48287	0.98528
1848.42906	0.98527
1846.37525	0.98542
1844.32144	0.98569
1842.26763	0.98559
1840.21382	0.98526
1838.16001	0.98521
1836.1062	0.98523
1834.05239	0.98507
1831.99858	0.98483
1829.94477	0.98437
1827.89096	0.98398
1825.83715	0.98386
1823.78334	0.98398
1821.72953	0.98437
1819.67572	0.98461
1817.62191	0.98451
1815.5681	0.98437
1813.51429	0.98425
1811.46048	0.98398
1809.40667	0.98364
1807.35286	0.98342
1805.29905	0.98333
1803.24524	0.98329
1801.19143	0.98318
1799.13762	0.98316
1797.08381	0.98317
1795.03	0.98298
1792.97619	0.98274
1790.92238	0.98261
1788.86857	0.98249
1786.81476	0.98231
1784.76095	0.98208
1782.70714	0.98195
1780.65333	0.98191
1778.59952	0.98209
1776.54571	0.98257
1774.4919	0.98297
1772.43809	0.98294
1770.38428	0.98256
1768.33047	0.98226
1766.27666	0.98229
1764.22285	0.98242
1762.16904	0.98207
1760.11523	0.98143
1758.06142	0.98092
1756.00761	0.98051
1753.9538	0.98027
1751.89999	0.97993
1749.84618	0.97937
1747.79237	0.9789
1745.73856	0.97847
1743.68475	0.97807
1741.63094	0.97784
1739.57713	0.9776
1737.52332	0.97725
1735.46951	0.97671
1733.4157	0.97608
1731.36189	0.97597
1729.30808	0.97596
1727.25427	0.97558
1725.20046	0.97503
1723.14665	0.97445
1721.09284	0.97403
1719.03903	0.97366
1716.98522	0.97332
1714.93141	0.97308
1712.8776	0.97296
1710.82379	0.97297
1708.76998	0.97305
1706.71617	0.97288
1704.66236	0.97223
1702.60855	0.97161
1700.55474	0.97118
1698.50093	0.97058
1696.44712	0.96994
1694.39331	0.96935
1692.3395	0.96879
1690.28569	0.9679
1688.23188	0.96688
1686.17807	0.96596
1684.12426	0.96437
1682.07045	0.96288
1680.01664	0.96224
1677.96283	0.9616
1675.90902	0.96066
1673.85521	0.95965
1671.8014	0.95886
1669.74759	0.95785
1667.69378	0.95663
1665.63997	0.95592
1663.58616	0.95534
1661.53235	0.9546
1659.47854	0.95415
1657.42473	0.9541
1655.37092	0.95406
1653.31711	0.95332
1651.2633	0.95287
1649.20949	0.95328
1647.15568	0.95361
1645.10187	0.95369
1643.04806	0.95376
1640.99425	0.95385
1638.94044	0.95401
1636.88663	0.95407
1634.83282	0.95388
1632.77901	0.95394
1630.7252	0.95427
1628.67139	0.95469
1626.61758	0.95531
1624.56377	0.95598
1622.50996	0.95656
1620.45614	0.95718
1618.40233	0.9577
1616.34852	0.95815
1614.29471	0.95867
1612.2409	0.9591
1610.18709	0.95943
1608.13328	0.9597
1606.07947	0.95977
1604.02566	0.95969
1601.97185	0.95975
1599.91804	0.96001
1597.86423	0.96017
1595.81042	0.96011
1593.75661	0.96011
1591.7028	0.96026
1589.64899	0.96035
1587.59518	0.96028
1585.54137	0.96006
1583.48756	0.95982
1581.43375	0.95974
1579.37994	0.95982
1577.32613	0.9597
1575.27232	0.95903
1573.21851	0.9585
1571.1647	0.95811
1569.11089	0.95756
1567.05708	0.95718
1565.00327	0.95693
1562.94946	0.95656
1560.89565	0.95582
1558.84184	0.95393
1556.78803	0.95196
1554.73422	0.95078
1552.68041	0.94959
1550.6266	0.94813
1548.57279	0.94634
1546.51898	0.94462
1544.46517	0.94258
1542.41136	0.9399
1540.35755	0.93642
1538.30374	0.93328
1536.24993	0.93166
1534.19612	0.92992
1532.14231	0.92773
1530.0885	0.9262
1528.03469	0.92497
1525.98088	0.92362
1523.92707	0.9226
1521.87326	0.92131
1519.81945	0.91987
1517.76564	0.91895
1515.71183	0.9181
1513.65802	0.9173
1511.60421	0.91666
1509.5504	0.91612
1507.49659	0.91487
1505.44278	0.91297
1503.38897	0.91222
1501.33516	0.91168
1499.28135	0.91058
1497.22754	0.90916
1495.17373	0.90809
1493.11992	0.90758
1491.06611	0.90673
1489.0123	0.90495
1486.95849	0.90311
1484.90468	0.90167
1482.85087	0.89982
1480.79706	0.89606
1478.74325	0.88644
1476.68944	0.85936
1474.63563	0.80558
1472.58182	0.75256
1470.52801	0.74822
1468.4742	0.77044
1466.42039	0.784
1464.36658	0.77952
1462.31277	0.77934
1460.25896	0.80171
1458.20515	0.83864
1456.15134	0.86952
1454.09753	0.88369
1452.04372	0.89227
1449.98991	0.89928
1447.9361	0.90492
1445.88229	0.90922
1443.82848	0.91234
1441.77467	0.91489
1439.72086	0.91713
1437.66705	0.91918
1435.61324	0.92138
1433.55943	0.92357
1431.50562	0.92568
1429.45181	0.92778
1427.398	0.92982
1425.34419	0.93179
1423.29038	0.93364
1421.23657	0.93533
1419.18276	0.93708
1417.12895	0.93875
1415.07514	0.94037
1413.02133	0.94211
1410.96752	0.94388
1408.91371	0.94575
1406.8599	0.94771
1404.80609	0.94972
1402.75228	0.95154
1400.69847	0.95306
1398.64466	0.95429
1396.59085	0.95519
1394.53704	0.95614
1392.48323	0.95732
1390.42942	0.95838
1388.37561	0.95904
1386.3218	0.95941
1384.26799	0.95974
1382.21418	0.95993
1380.16037	0.9598
1378.10656	0.95953
1376.05275	0.95931
1373.99894	0.95911
1371.94513	0.95889
1369.89132	0.95876
1367.83751	0.95879
1365.7837	0.95923
1363.72989	0.96021
1361.67608	0.96142
1359.62227	0.96236
1357.56846	0.96289
1355.51465	0.96305
1353.46084	0.96303
1351.40703	0.96315
1349.35322	0.96359
1347.29941	0.96432
1345.2456	0.96505
1343.19179	0.9655
1341.13798	0.96576
1339.08417	0.96602
1337.03036	0.9664
1334.97655	0.96685
1332.92274	0.96718
1330.86893	0.9673
1328.81512	0.96739
1326.7613	0.9674
1324.70749	0.96723
1322.65368	0.96693
1320.59987	0.96658
1318.54606	0.96624
1316.49225	0.966
1314.43844	0.96573
1312.38463	0.96535
1310.33082	0.9651
1308.27701	0.96505
1306.2232	0.96497
1304.16939	0.96483
1302.11558	0.96483
1300.06177	0.96476
1298.00796	0.9646
1295.95415	0.96468
1293.90034	0.96494
1291.84653	0.96512
1289.79272	0.96509
1287.73891	0.96492
1285.6851	0.96472
1283.63129	0.96448
1281.57748	0.96421
1279.52367	0.9639
1277.46986	0.96347
1275.41605	0.96298
1273.36224	0.96261
1271.30843	0.96238
1269.25462	0.96214
1267.20081	0.96185
1265.147	0.96165
1263.09319	0.96149
1261.03938	0.96114
1258.98557	0.9606
1256.93176	0.96011
1254.87795	0.95985
1252.82414	0.95983
1250.77033	0.95983
1248.71652	0.95961
1246.66271	0.95917
1244.6089	0.95883
1242.55509	0.95873
1240.50128	0.95861
1238.44747	0.95841
1236.39366	0.9582
1234.33985	0.95793
1232.28604	0.95765
1230.23223	0.95746
1228.17842	0.95732
1226.12461	0.95701
1224.0708	0.95669
1222.01699	0.95668
1219.96318	0.95664
1217.90937	0.95613
1215.85556	0.95555
1213.80175	0.95525
1211.74794	0.95504
1209.69413	0.95476
1207.64032	0.95449
1205.58651	0.95421
1203.5327	0.9539
1201.47889	0.9535
1199.42508	0.95303
1197.37127	0.95258
1195.31746	0.95211
1193.26365	0.95156
1191.20984	0.9508
1189.15603	0.94997
1187.10222	0.9494
1185.04841	0.94893
1182.9946	0.94806
1180.94079	0.94687
1178.88698	0.94564
1176.83317	0.94446
1174.77936	0.94346
1172.72555	0.94262
1170.67174	0.9417
1168.61793	0.94059
1166.56412	0.93952
1164.51031	0.93865
1162.4565	0.9379
1160.40269	0.93722
1158.34888	0.93647
1156.29507	0.93549
1154.24126	0.93448
1152.18745	0.93351
1150.13364	0.93247
1148.07983	0.9315
1146.02602	0.93046
1143.97221	0.92904
1141.9184	0.92738
1139.86459	0.92561
1137.81078	0.92386
1135.75697	0.92198
1133.70316	0.91974
1131.64935	0.91738
1129.59554	0.91504
1127.54173	0.91257
1125.48792	0.9097
1123.43411	0.90673
1121.3803	0.90418
1119.32649	0.90179
1117.27268	0.8991
1115.21887	0.89614
1113.16506	0.89319
1111.11125	0.89039
1109.05744	0.88787
1107.00363	0.88546
1104.94982	0.88277
1102.89601	0.88015
1100.8422	0.87806
1098.78839	0.87637
1096.73458	0.87483
1094.68077	0.87322
1092.62696	0.87135
1090.57315	0.86953
1088.51934	0.8679
1086.46553	0.86598
1084.41172	0.86361
1082.35791	0.86153
1080.3041	0.86026
1078.25029	0.85928
1076.19648	0.85806
1074.14267	0.85658
1072.08886	0.85505
1070.03505	0.85363
1067.98124	0.85194
1065.92743	0.84967
1063.87362	0.84719
1061.81981	0.8449
1059.766	0.84248
1057.71219	0.83963
1055.65838	0.83661
1053.60457	0.83351
1051.55076	0.83029
1049.49695	0.82701
1047.44314	0.8238
1045.38933	0.82079
1043.33552	0.81784
1041.28171	0.81508
1039.2279	0.81273
1037.17409	0.81069
1035.12028	0.80917
1033.06647	0.80826
1031.01265	0.80786
1028.95884	0.80812
1026.90503	0.80908
1024.85122	0.81038
1022.79741	0.8115
1020.7436	0.81228
1018.68979	0.81309
1016.63598	0.81413
1014.58217	0.81541
1012.52836	0.8167
1010.47455	0.81792
1008.42074	0.81963
1006.36693	0.8221
1004.31312	0.8251
1002.25931	0.82846
1000.2055	0.83227
998.15169	0.83658
996.09788	0.8412
994.04407	0.8459
991.99026	0.85061
989.93645	0.85541
987.88264	0.86009
985.82883	0.86451
983.77502	0.86901
981.72121	0.87366
979.6674	0.87827
977.61359	0.88252
975.55978	0.88654
973.50597	0.89071
971.45216	0.89482
969.39835	0.89857
967.34454	0.90193
965.29073	0.90494
963.23692	0.90782
961.18311	0.91049
959.1293	0.91255
957.07549	0.91432
955.02168	0.91633
952.96787	0.91826
950.91406	0.91983
948.86025	0.92121
946.80644	0.92249
944.75263	0.92351
942.69882	0.92421
940.64501	0.92495
938.5912	0.92586
936.53739	0.92649
934.48358	0.92681
932.42977	0.92725
930.37596	0.92772
928.32215	0.92802
926.26834	0.92824
924.21453	0.92819
922.16072	0.92784
920.10691	0.92733
918.0531	0.92669
915.99929	0.92617
913.94548	0.9261
911.89167	0.92665
909.83786	0.92793
907.78405	0.92989
905.73024	0.93227
903.67643	0.9348
901.62262	0.93736
899.56881	0.93994
897.515	0.94214
895.46119	0.94362
893.40738	0.9449
891.35357	0.94637
889.29976	0.94746
887.24595	0.94769
885.19214	0.94717
883.13833	0.94581
881.08452	0.94353
879.03071	0.9411
876.9769	0.93978
874.92309	0.94025
872.86928	0.94239
870.81547	0.94538
868.76166	0.94744
866.70785	0.94722
864.65404	0.94525
862.60023	0.94296
860.54642	0.94086
858.49261	0.93887
856.4388	0.93824
854.38499	0.94111
852.33118	0.94729
850.27737	0.95333
848.22356	0.95671
846.16975	0.95753
844.11594	0.95693
842.06213	0.95668
840.00832	0.95714
837.95451	0.9572
835.9007	0.95657
833.84689	0.95589
831.79308	0.95566
829.73927	0.95582
827.68546	0.95598
825.63165	0.95602
823.57784	0.95613
821.52403	0.95615
819.47022	0.95607
817.41641	0.95613
815.3626	0.95593
813.30879	0.95528
811.25498	0.95446
809.20117	0.9535
807.14736	0.95224
805.09355	0.95073
803.03974	0.94939
800.98593	0.94831
798.93212	0.94748
796.87831	0.94752
794.8245	0.94842
792.77069	0.94919
790.71688	0.94922
788.66307	0.94902
786.60926	0.94907
784.55545	0.94913
782.50164	0.94898
780.44783	0.94866
778.39402	0.9484
776.34021	0.94851
774.2864	0.94903
772.23259	0.94944
770.17878	0.94927
768.12497	0.94885
766.07116	0.94868
764.01735	0.94869
761.96354	0.94842
759.90973	0.94743
757.85592	0.94621
755.80211	0.94564
753.7483	0.94532
751.69449	0.94465
749.64068	0.94398
747.58687	0.94365
745.53306	0.94314
743.47925	0.9423
741.42544	0.94152
739.37163	0.93986
737.31781	0.93507
735.264	0.92137
733.21019	0.89145
731.15638	0.85784
729.10257	0.84861
727.04876	0.8609
724.99495	0.86452
722.94114	0.84145
720.88733	0.79383
718.83352	0.74988
716.77971	0.74439
714.7259	0.77959
712.67209	0.82951
710.61828	0.86871
708.56447	0.89102
706.51066	0.9025
704.45685	0.90848
702.40304	0.91123
700.34923	0.91271
698.29542	0.91459
696.24161	0.91675
694.1878	0.91807
692.13399	0.91865
690.08018	0.91954
688.02637	0.92066
685.97256	0.92128
683.91875	0.92155
681.86494	0.92173
679.81113	0.92214
677.75732	0.92294
675.70351	0.9237
673.6497	0.92457
671.59589	0.92548
669.54208	0.9262
667.48827	0.92638
665.43446	0.92585
663.38065	0.92559
661.32684	0.9257
659.27303	0.92574
657.21922	0.92592
655.16541	0.92603
653.1116	0.92593
651.05779	0.92639
649.00398	0.92717
646.95017	0.92713
644.89636	0.92601
642.84255	0.92472
640.78874	0.92377
638.73493	0.92313
636.68112	0.92272
634.62731	0.9225
632.5735	0.92283
630.51969	0.92298
628.46588	0.92226
626.41207	0.9214
624.35826	0.92085
622.30445	0.92036
620.25064	0.91959
618.19683	0.91917
616.14302	0.91981
614.08921	0.92041
612.0354	0.92038
609.98159	0.91975
607.92778	0.91819
605.87397	0.91694
603.82016	0.91687
601.76635	0.91646
599.71254	0.91484
597.65873	0.91329
595.60492	0.91211
593.55111	0.91022
591.4973	0.90807
589.44349	0.90724
587.38968	0.90715
585.33587	0.90571
583.28206	0.90302
581.22825	0.90032
579.17444	0.8979
577.12063	0.8964
575.06682	0.89644
573.01301	0.89679
570.9592	0.89525
568.90539	0.89239
566.85158	0.89065
564.79777	0.8896
562.74396	0.88822
560.69015	0.88748
558.63634	0.88704
556.58253	0.88526
554.52872	0.88315
552.47491	0.88224
550.4211	0.88121
548.36729	0.87993
546.31348	0.87881
544.25967	0.87682
542.20586	0.8747
540.15205	0.87299
538.09824	0.87105
536.04443	0.87023
533.99062	0.87076
531.93681	0.87034
529.883	0.86918
527.82919	0.86845
525.77538	0.86832
523.72157	0.86909
521.66776	0.86985
519.61395	0.87058
517.56014	0.87227
515.50633	0.87452
513.45252	0.87679
511.39871	0.87893
509.3449	0.88071
507.29109	0.88183
505.23728	0.88256
503.18347	0.88304
501.12966	0.88251
499.07585	0.88117
497.02204	0.88067
494.96823	0.88158
492.91442	0.88159
490.86061	0.87994
488.8068	0.87831
486.75299	0.87557
484.69918	0.87049
482.64537	0.86401
480.59156	0.85697
478.53775	0.84984
476.48394	0.84248
474.43013	0.83514
472.37632	0.82974
470.32251	0.82735
468.2687	0.82676
466.21489	0.82783
464.16108	0.83027
462.10727	0.8336
460.05346	0.83814
457.99965	0.84228
455.94584	0.84389
453.89203	0.84547
451.83822	0.84929
449.78441	0.85349
447.7306	0.85703
445.67679	0.86005
443.62298	0.86054
441.56916	0.85795
439.51535	0.85604
437.46154	0.85738
435.40773	0.85964
433.35392	0.86006
431.30011	0.85835
429.2463	0.85567
427.19249	0.85477
425.13868	0.8575
423.08487	0.86302
421.03106	0.86755
418.97725	0.86971
416.92344	0.8724
414.86963	0.8767
412.81582	0.88248
410.76201	0.88715
408.7082	0.89
406.65439	0.89344
404.60058	0.89509
402.54677	0.89317
400.49296	0.8886
398.43915	0.8833
KMeans Clustering	9.0
Spectral Clustering	6.0
Agglomerative Clustering	3.0
