Numero de onda	Muestra 326
3996.7144	0.97862
3994.66059	0.97878
3992.60678	0.979
3990.55297	0.97923
3988.49916	0.97931
3986.44535	0.97905
3984.39154	0.97859
3982.33773	0.97842
3980.28391	0.97877
3978.2301	0.97909
3976.17629	0.97907
3974.12248	0.97916
3972.06867	0.97943
3970.01486	0.97929
3967.96105	0.9789
3965.90724	0.97885
3963.85343	0.97888
3961.79962	0.97883
3959.74581	0.97894
3957.692	0.97898
3955.63819	0.97896
3953.58438	0.97901
3951.53057	0.97889
3949.47676	0.97866
3947.42295	0.97872
3945.36914	0.97879
3943.31533	0.97864
3941.26152	0.97863
3939.20771	0.97893
3937.1539	0.97916
3935.10009	0.97914
3933.04628	0.97891
3930.99247	0.97859
3928.93866	0.97851
3926.88485	0.97872
3924.83104	0.97882
3922.77723	0.97872
3920.72342	0.97864
3918.66961	0.97868
3916.6158	0.97869
3914.56199	0.97847
3912.50818	0.97835
3910.45437	0.9785
3908.40056	0.97855
3906.34675	0.97831
3904.29294	0.97828
3902.23913	0.97883
3900.18532	0.97924
3898.13151	0.97916
3896.0777	0.97904
3894.02389	0.97898
3891.97008	0.97882
3889.91627	0.97889
3887.86246	0.97916
3885.80865	0.97934
3883.75484	0.97944
3881.70103	0.97923
3879.64722	0.97886
3877.59341	0.97875
3875.5396	0.97871
3873.48579	0.97865
3871.43198	0.97868
3869.37817	0.97874
3867.32436	0.9788
3865.27055	0.97889
3863.21674	0.97875
3861.16293	0.97841
3859.10912	0.97844
3857.05531	0.97884
3855.0015	0.97892
3852.94769	0.97813
3850.89388	0.97773
3848.84007	0.97822
3846.78626	0.97874
3844.73245	0.97895
3842.67864	0.97908
3840.62483	0.97908
3838.57102	0.97854
3836.51721	0.97817
3834.4634	0.97862
3832.40959	0.97924
3830.35578	0.97953
3828.30197	0.97952
3826.24816	0.97951
3824.19435	0.97955
3822.14054	0.97965
3820.08673	0.97994
3818.03292	0.97993
3815.97911	0.97939
3813.9253	0.97908
3811.87149	0.97916
3809.81768	0.9792
3807.76387	0.97911
3805.71006	0.97867
3803.65625	0.97828
3801.60244	0.97862
3799.54863	0.97929
3797.49482	0.97946
3795.44101	0.97921
3793.3872	0.97912
3791.33339	0.97937
3789.27958	0.97954
3787.22577	0.97942
3785.17196	0.97911
3783.11815	0.97893
3781.06434	0.97916
3779.01053	0.9794
3776.95672	0.97915
3774.90291	0.9789
3772.8491	0.97907
3770.79529	0.9793
3768.74148	0.97922
3766.68767	0.9791
3764.63386	0.97908
3762.58005	0.97914
3760.52624	0.97945
3758.47243	0.97995
3756.41862	0.98018
3754.36481	0.98017
3752.311	0.98026
3750.25719	0.98046
3748.20338	0.98076
3746.14957	0.98065
3744.09576	0.97964
3742.04195	0.97904
3739.98814	0.97926
3737.93433	0.97955
3735.88052	0.97968
3733.82671	0.97952
3731.7729	0.97899
3729.71909	0.97863
3727.66528	0.97881
3725.61147	0.97917
3723.55766	0.97937
3721.50385	0.97947
3719.45004	0.97946
3717.39623	0.97944
3715.34242	0.97928
3713.28861	0.97867
3711.2348	0.97782
3709.18099	0.9776
3707.12718	0.97767
3705.07337	0.97741
3703.01956	0.97706
3700.96575	0.97668
3698.91194	0.97598
3696.85813	0.97538
3694.80432	0.97551
3692.75051	0.97606
3690.6967	0.97641
3688.64289	0.97657
3686.58907	0.97671
3684.53526	0.97671
3682.48145	0.97648
3680.42764	0.9759
3678.37383	0.97514
3676.32002	0.9746
3674.26621	0.97465
3672.2124	0.97509
3670.15859	0.97533
3668.10478	0.97509
3666.05097	0.97481
3663.99716	0.97462
3661.94335	0.97472
3659.88954	0.97521
3657.83573	0.97562
3655.78192	0.97548
3653.72811	0.97511
3651.6743	0.9748
3649.62049	0.97416
3647.56668	0.97336
3645.51287	0.97292
3643.45906	0.97261
3641.40525	0.97222
3639.35144	0.97174
3637.29763	0.97132
3635.24382	0.97098
3633.19001	0.97072
3631.1362	0.97062
3629.08239	0.97052
3627.02858	0.97032
3624.97477	0.97028
3622.92096	0.97027
3620.86715	0.97019
3618.81334	0.97004
3616.75953	0.96972
3614.70572	0.96941
3612.65191	0.96959
3610.5981	0.97003
3608.54429	0.96993
3606.49048	0.96952
3604.43667	0.96951
3602.38286	0.96974
3600.32905	0.96987
3598.27524	0.97008
3596.22143	0.97035
3594.16762	0.97023
3592.11381	0.96963
3590.06	0.96903
3588.00619	0.96877
3585.95238	0.96883
3583.89857	0.96908
3581.84476	0.96941
3579.79095	0.96956
3577.73714	0.96942
3575.68333	0.96901
3573.62952	0.96847
3571.57571	0.96824
3569.5219	0.96835
3567.46809	0.9682
3565.41428	0.96803
3563.36047	0.9683
3561.30666	0.96842
3559.25285	0.96805
3557.19904	0.96754
3555.14523	0.9674
3553.09142	0.96777
3551.03761	0.96823
3548.9838	0.96829
3546.92999	0.96782
3544.87618	0.9671
3542.82237	0.96676
3540.76856	0.96685
3538.71475	0.96685
3536.66094	0.96666
3534.60713	0.96664
3532.55332	0.96665
3530.49951	0.96635
3528.4457	0.9659
3526.39189	0.96582
3524.33808	0.96605
3522.28427	0.96607
3520.23046	0.96576
3518.17665	0.96546
3516.12284	0.96531
3514.06903	0.96511
3512.01522	0.96495
3509.96141	0.96491
3507.9076	0.9649
3505.85379	0.96483
3503.79998	0.96453
3501.74617	0.96418
3499.69236	0.96413
3497.63855	0.9643
3495.58474	0.96436
3493.53093	0.9641
3491.47712	0.96384
3489.42331	0.96389
3487.3695	0.96399
3485.31569	0.964
3483.26188	0.96403
3481.20807	0.96379
3479.15426	0.96319
3477.10045	0.96269
3475.04664	0.96252
3472.99283	0.96251
3470.93902	0.96245
3468.88521	0.96229
3466.8314	0.96231
3464.77759	0.96256
3462.72378	0.96253
3460.66997	0.96217
3458.61616	0.96205
3456.56235	0.96213
3454.50854	0.9621
3452.45473	0.96196
3450.40092	0.96188
3448.34711	0.96193
3446.2933	0.96187
3444.23949	0.96166
3442.18568	0.96141
3440.13187	0.96111
3438.07806	0.96096
3436.02425	0.96106
3433.97044	0.96132
3431.91663	0.96158
3429.86282	0.96139
3427.80901	0.96089
3425.7552	0.96063
3423.70139	0.96062
3421.64758	0.96064
3419.59377	0.96056
3417.53996	0.96032
3415.48615	0.96021
3413.43234	0.96043
3411.37853	0.96055
3409.32472	0.96032
3407.27091	0.96021
3405.2171	0.9603
3403.16329	0.96002
3401.10948	0.95942
3399.05567	0.9592
3397.00186	0.95944
3394.94805	0.95963
3392.89424	0.95972
3390.84042	0.9598
3388.78661	0.95974
3386.7328	0.95961
3384.67899	0.95956
3382.62518	0.95958
3380.57137	0.9596
3378.51756	0.95961
3376.46375	0.95965
3374.40994	0.95967
3372.35613	0.95976
3370.30232	0.9599
3368.24851	0.95994
3366.1947	0.95986
3364.14089	0.95974
3362.08708	0.95973
3360.03327	0.95983
3357.97946	0.95982
3355.92565	0.95973
3353.87184	0.95967
3351.81803	0.95971
3349.76422	0.95993
3347.71041	0.95997
3345.6566	0.95977
3343.60279	0.95976
3341.54898	0.96003
3339.49517	0.96019
3337.44136	0.96008
3335.38755	0.95997
3333.33374	0.96005
3331.27993	0.96024
3329.22612	0.96037
3327.17231	0.96034
3325.1185	0.96031
3323.06469	0.96047
3321.01088	0.96076
3318.95707	0.96078
3316.90326	0.9605
3314.84945	0.96026
3312.79564	0.96017
3310.74183	0.96015
3308.68802	0.96033
3306.63421	0.96066
3304.5804	0.96063
3302.52659	0.96037
3300.47278	0.96049
3298.41897	0.96081
3296.36516	0.96086
3294.31135	0.96092
3292.25754	0.96115
3290.20373	0.96124
3288.14992	0.96114
3286.09611	0.961
3284.0423	0.96108
3281.98849	0.96138
3279.93468	0.96157
3277.88087	0.96155
3275.82706	0.96141
3273.77325	0.96126
3271.71944	0.96126
3269.66563	0.96162
3267.61182	0.96225
3265.55801	0.96268
3263.5042	0.96277
3261.45039	0.96275
3259.39658	0.96258
3257.34277	0.96224
3255.28896	0.96201
3253.23515	0.96208
3251.18134	0.96231
3249.12753	0.96253
3247.07372	0.96285
3245.01991	0.9633
3242.9661	0.96369
3240.91229	0.96382
3238.85848	0.96371
3236.80467	0.96355
3234.75086	0.9636
3232.69705	0.96385
3230.64324	0.96409
3228.58943	0.96433
3226.53562	0.96446
3224.48181	0.96426
3222.428	0.96393
3220.37419	0.9639
3218.32038	0.96418
3216.26657	0.96457
3214.21276	0.9649
3212.15895	0.96494
3210.10514	0.96485
3208.05133	0.96511
3205.99752	0.96562
3203.94371	0.96583
3201.8899	0.96585
3199.83609	0.96613
3197.78228	0.96648
3195.72847	0.96645
3193.67466	0.96629
3191.62085	0.96642
3189.56704	0.96658
3187.51323	0.96652
3185.45942	0.96654
3183.40561	0.96688
3181.3518	0.9674
3179.29799	0.96776
3177.24418	0.96793
3175.19037	0.96795
3173.13656	0.9678
3171.08275	0.96781
3169.02894	0.96805
3166.97513	0.96832
3164.92132	0.9686
3162.86751	0.96882
3160.8137	0.969
3158.75989	0.9692
3156.70608	0.96943
3154.65227	0.96966
3152.59846	0.96969
3150.54465	0.96965
3148.49084	0.96964
3146.43703	0.96948
3144.38322	0.96932
3142.32941	0.96948
3140.2756	0.96983
3138.22179	0.97004
3136.16798	0.97015
3134.11417	0.97023
3132.06036	0.9702
3130.00655	0.97026
3127.95274	0.97046
3125.89893	0.97072
3123.84512	0.97092
3121.79131	0.97101
3119.7375	0.97113
3117.68369	0.97127
3115.62988	0.97129
3113.57607	0.97132
3111.52226	0.97132
3109.46845	0.97117
3107.41464	0.97115
3105.36083	0.97136
3103.30702	0.97146
3101.25321	0.9714
3099.1994	0.97134
3097.14559	0.97124
3095.09177	0.97125
3093.03796	0.97149
3090.98415	0.9717
3088.93034	0.97176
3086.87653	0.9718
3084.82272	0.9719
3082.76891	0.97208
3080.7151	0.97214
3078.66129	0.97198
3076.60748	0.9719
3074.55367	0.97214
3072.49986	0.97242
3070.44605	0.97244
3068.39224	0.97232
3066.33843	0.97232
3064.28462	0.97246
3062.23081	0.97253
3060.177	0.97239
3058.12319	0.9723
3056.06938	0.97249
3054.01557	0.97272
3051.96176	0.97278
3049.90795	0.97281
3047.85414	0.97292
3045.80033	0.97302
3043.74652	0.9731
3041.69271	0.97326
3039.6389	0.97356
3037.58509	0.97365
3035.53128	0.97343
3033.47747	0.9734
3031.42366	0.97371
3029.36985	0.9739
3027.31604	0.97384
3025.26223	0.97377
3023.20842	0.97386
3021.15461	0.97415
3019.1008	0.97447
3017.04699	0.97455
3014.99318	0.97442
3012.93937	0.97417
3010.88556	0.97395
3008.83175	0.97402
3006.77794	0.9744
3004.72413	0.97492
3002.67032	0.97523
3000.61651	0.97503
2998.5627	0.97464
2996.50889	0.97448
2994.45508	0.97463
2992.40127	0.97493
2990.34746	0.97498
2988.29365	0.97454
2986.23984	0.97395
2984.18603	0.97365
2982.13222	0.97341
2980.07841	0.97305
2978.0246	0.97262
2975.97079	0.97221
2973.91698	0.97179
2971.86317	0.97102
2969.80936	0.96989
2967.75555	0.96863
2965.70174	0.96742
2963.64793	0.96644
2961.59412	0.96559
2959.54031	0.96451
2957.4865	0.9634
2955.43269	0.96256
2953.37888	0.96169
2951.32507	0.96054
2949.27126	0.95932
2947.21745	0.9578
2945.16364	0.95529
2943.10983	0.95124
2941.05602	0.94558
2939.00221	0.93872
2936.9484	0.93096
2934.89459	0.92165
2932.84078	0.91021
2930.78697	0.89696
2928.73316	0.88177
2926.67935	0.86367
2924.62554	0.84194
2922.57173	0.81655
2920.51792	0.78859
2918.46411	0.76134
2916.4103	0.74083
2914.35649	0.73387
2912.30268	0.74236
2910.24887	0.76093
2908.19506	0.78186
2906.14125	0.80038
2904.08744	0.81526
2902.03363	0.82698
2899.97982	0.83633
2897.92601	0.84416
2895.8722	0.85126
2893.81839	0.85807
2891.76458	0.8649
2889.71077	0.87205
2887.65696	0.87948
2885.60315	0.88691
2883.54934	0.89407
2881.49553	0.90091
2879.44172	0.90771
2877.38791	0.9144
2875.3341	0.9203
2873.28029	0.92496
2871.22648	0.92835
2869.17267	0.93036
2867.11886	0.93086
2865.06505	0.92952
2863.01124	0.92559
2860.95743	0.91825
2858.90362	0.90635
2856.84981	0.88781
2854.796	0.8603
2852.74219	0.82364
2850.68838	0.78449
2848.63457	0.75796
2846.58076	0.75665
2844.52695	0.77804
2842.47314	0.80913
2840.41933	0.83911
2838.36552	0.86356
2836.31171	0.88222
2834.2579	0.89627
2832.20409	0.90682
2830.15028	0.91496
2828.09647	0.92147
2826.04266	0.92673
2823.98885	0.93095
2821.93504	0.93432
2819.88123	0.93719
2817.82742	0.93977
2815.77361	0.94202
2813.7198	0.94389
2811.66599	0.94543
2809.61218	0.94686
2807.55837	0.94836
2805.50456	0.94972
2803.45075	0.95072
2801.39693	0.95163
2799.34312	0.95275
2797.28931	0.95391
2795.2355	0.95476
2793.18169	0.95535
2791.12788	0.95603
2789.07407	0.95687
2787.02026	0.9577
2784.96645	0.95841
2782.91264	0.95904
2780.85883	0.95969
2778.80502	0.9604
2776.75121	0.96098
2774.6974	0.96133
2772.64359	0.96149
2770.58978	0.96174
2768.53597	0.96222
2766.48216	0.96267
2764.42835	0.96298
2762.37454	0.96338
2760.32073	0.96381
2758.26692	0.96409
2756.21311	0.96414
2754.1593	0.96418
2752.10549	0.96442
2750.05168	0.96483
2747.99787	0.96519
2745.94406	0.96521
2743.89025	0.9649
2741.83644	0.96471
2739.78263	0.96485
2737.72882	0.96512
2735.67501	0.96536
2733.6212	0.96558
2731.56739	0.96579
2729.51358	0.96599
2727.45977	0.96607
2725.40596	0.96602
2723.35215	0.96621
2721.29834	0.96667
2719.24453	0.96682
2717.19072	0.96664
2715.13691	0.96675
2713.0831	0.96712
2711.02929	0.96724
2708.97548	0.96721
2706.92167	0.96727
2704.86786	0.96737
2702.81405	0.96754
2700.76024	0.96782
2698.70643	0.96809
2696.65262	0.9683
2694.59881	0.96853
2692.545	0.96866
2690.49119	0.96853
2688.43738	0.96828
2686.38357	0.96832
2684.32976	0.96856
2682.27595	0.96863
2680.22214	0.96848
2678.16833	0.96824
2676.11452	0.96821
2674.06071	0.96848
2672.0069	0.96862
2669.95309	0.96859
2667.89928	0.96852
2665.84547	0.96842
2663.79166	0.9684
2661.73785	0.96822
2659.68404	0.968
2657.63023	0.96809
2655.57642	0.96826
2653.52261	0.96833
2651.4688	0.96834
2649.41499	0.96827
2647.36118	0.96826
2645.30737	0.96834
2643.25356	0.96834
2641.19975	0.96823
2639.14594	0.96823
2637.09213	0.96846
2635.03832	0.96855
2632.98451	0.96847
2630.9307	0.96864
2628.87689	0.96894
2626.82308	0.969
2624.76927	0.96903
2622.71546	0.96934
2620.66165	0.96972
2618.60784	0.97003
2616.55403	0.97026
2614.50022	0.97021
2612.44641	0.97008
2610.3926	0.97017
2608.33879	0.97037
2606.28498	0.97049
2604.23117	0.97053
2602.17736	0.97073
2600.12355	0.97108
2598.06974	0.97131
2596.01593	0.97136
2593.96212	0.97124
2591.90831	0.97111
2589.8545	0.97111
2587.80069	0.97116
2585.74688	0.97131
2583.69307	0.97182
2581.63926	0.97246
2579.58545	0.97263
2577.53164	0.97245
2575.47783	0.97241
2573.42402	0.9725
2571.37021	0.97263
2569.3164	0.97274
2567.26259	0.97269
2565.20878	0.97262
2563.15497	0.97244
2561.10116	0.97196
2559.04735	0.97165
2556.99354	0.97184
2554.93973	0.97208
2552.88592	0.97231
2550.83211	0.97274
2548.7783	0.97294
2546.72449	0.97282
2544.67068	0.97259
2542.61687	0.97228
2540.56306	0.97226
2538.50925	0.97256
2536.45544	0.97285
2534.40163	0.97315
2532.34782	0.97342
2530.29401	0.97334
2528.2402	0.97306
2526.18639	0.97295
2524.13258	0.97308
2522.07877	0.97347
2520.02496	0.97382
2517.97115	0.97359
2515.91734	0.97292
2513.86353	0.97254
2511.80972	0.9728
2509.75591	0.97347
2507.7021	0.97393
2505.64828	0.97376
2503.59447	0.97343
2501.54066	0.97333
2499.48685	0.97326
2497.43304	0.97351
2495.37923	0.97401
2493.32542	0.97414
2491.27161	0.974
2489.2178	0.97394
2487.16399	0.97401
2485.11018	0.97408
2483.05637	0.97415
2481.00256	0.97437
2478.94875	0.97451
2476.89494	0.97428
2474.84113	0.97403
2472.78732	0.9741
2470.73351	0.97423
2468.6797	0.97405
2466.62589	0.97373
2464.57208	0.97366
2462.51827	0.97383
2460.46446	0.97395
2458.41065	0.97395
2456.35684	0.97399
2454.30303	0.97417
2452.24922	0.9744
2450.19541	0.97462
2448.1416	0.97459
2446.08779	0.97431
2444.03398	0.97396
2441.98017	0.97393
2439.92636	0.97439
2437.87255	0.97507
2435.81874	0.97551
2433.76493	0.97525
2431.71112	0.97455
2429.65731	0.97435
2427.6035	0.97477
2425.54969	0.97501
2423.49588	0.97487
2421.44207	0.97482
2419.38826	0.97475
2417.33445	0.97457
2415.28064	0.97474
2413.22683	0.97518
2411.17302	0.97528
2409.11921	0.975
2407.0654	0.9747
2405.01159	0.97415
2402.95778	0.97355
2400.90397	0.97372
2398.85016	0.97436
2396.79635	0.97463
2394.74254	0.9746
2392.68873	0.97461
2390.63492	0.97483
2388.58111	0.97509
2386.5273	0.97505
2384.47349	0.97476
2382.41968	0.97468
2380.36587	0.97489
2378.31206	0.97489
2376.25825	0.97426
2374.20444	0.9734
2372.15063	0.9733
2370.09682	0.97418
2368.04301	0.97501
2365.9892	0.97534
2363.93539	0.97587
2361.88158	0.97619
2359.82777	0.97566
2357.77396	0.97469
2355.72015	0.97375
2353.66634	0.97354
2351.61253	0.9738
2349.55872	0.97355
2347.50491	0.97312
2345.4511	0.97325
2343.39729	0.97379
2341.34348	0.97418
2339.28967	0.97409
2337.23586	0.97362
2335.18205	0.97376
2333.12824	0.97443
2331.07443	0.97445
2329.02062	0.97378
2326.96681	0.97325
2324.913	0.97323
2322.85919	0.97358
2320.80538	0.97388
2318.75157	0.97394
2316.69776	0.97417
2314.64395	0.97443
2312.59014	0.97429
2310.53633	0.97415
2308.48252	0.97415
2306.42871	0.97388
2304.3749	0.97342
2302.32109	0.97316
2300.26728	0.97312
2298.21347	0.97288
2296.15966	0.97248
2294.10585	0.97232
2292.05204	0.97253
2289.99823	0.97284
2287.94442	0.97301
2285.89061	0.97311
2283.8368	0.97352
2281.78299	0.97438
2279.72918	0.97497
2277.67537	0.97493
2275.62156	0.97486
2273.56775	0.97502
2271.51394	0.97524
2269.46013	0.97545
2267.40632	0.9757
2265.35251	0.97587
2263.2987	0.97566
2261.24489	0.97552
2259.19108	0.97603
2257.13727	0.97643
2255.08346	0.97582
2253.02965	0.97496
2250.97584	0.97477
2248.92203	0.9748
2246.86822	0.97479
2244.81441	0.97447
2242.7606	0.97392
2240.70679	0.9743
2238.65298	0.97548
2236.59917	0.97579
2234.54536	0.97492
2232.49155	0.97453
2230.43774	0.97542
2228.38393	0.97619
2226.33012	0.97571
2224.27631	0.97467
2222.2225	0.97391
2220.16869	0.97375
2218.11488	0.97397
2216.06107	0.97418
2214.00726	0.97515
2211.95344	0.9768
2209.89963	0.97745
2207.84582	0.97702
2205.79201	0.97663
2203.7382	0.9768
2201.68439	0.97762
2199.63058	0.97805
2197.57677	0.97719
2195.52296	0.9759
2193.46915	0.97531
2191.41534	0.97566
2189.36153	0.97585
2187.30772	0.97588
2185.25391	0.97596
2183.2001	0.9755
2181.14629	0.97581
2179.09248	0.97651
2177.03867	0.97608
2174.98486	0.97554
2172.93105	0.97533
2170.87724	0.97521
2168.82343	0.97569
2166.76962	0.9764
2164.71581	0.97657
2162.662	0.97664
2160.60819	0.9775
2158.55438	0.97894
2156.50057	0.97981
2154.44676	0.98088
2152.39295	0.9825
2150.33914	0.98246
2148.28533	0.98075
2146.23152	0.97941
2144.17771	0.97843
2142.1239	0.97727
2140.07009	0.97621
2138.01628	0.97583
2135.96247	0.97689
2133.90866	0.9786
2131.85485	0.97917
2129.80104	0.97837
2127.74723	0.97714
2125.69342	0.97618
2123.63961	0.97565
2121.5858	0.9759
2119.53199	0.97662
2117.47818	0.97637
2115.42437	0.97547
2113.37056	0.97562
2111.31675	0.97634
2109.26294	0.97606
2107.20913	0.97553
2105.15532	0.97585
2103.10151	0.97628
2101.0477	0.97615
2098.99389	0.9756
2096.94008	0.97485
2094.88627	0.97447
2092.83246	0.97497
2090.77865	0.97554
2088.72484	0.97551
2086.67103	0.97502
2084.61722	0.97475
2082.56341	0.97521
2080.5096	0.97564
2078.45579	0.9755
2076.40198	0.97546
2074.34817	0.97558
2072.29436	0.97527
2070.24055	0.97527
2068.18674	0.9756
2066.13293	0.9756
2064.07912	0.97575
2062.02531	0.9761
2059.9715	0.97601
2057.91769	0.97534
2055.86388	0.97511
2053.81007	0.97594
2051.75626	0.97668
2049.70245	0.97656
2047.64864	0.97649
2045.59483	0.97708
2043.54102	0.97754
2041.48721	0.97798
2039.4334	0.97857
2037.37959	0.97804
2035.32578	0.97587
2033.27197	0.97369
2031.21816	0.97381
2029.16435	0.97591
2027.11054	0.97728
2025.05673	0.97697
2023.00292	0.97618
2020.94911	0.97629
2018.8953	0.9773
2016.84149	0.97751
2014.78768	0.97709
2012.73387	0.97735
2010.68006	0.97752
2008.62625	0.97712
2006.57244	0.97624
2004.51863	0.97479
2002.46482	0.97327
2000.41101	0.97225
1998.3572	0.97222
1996.30339	0.97339
1994.24958	0.97508
1992.19577	0.97627
1990.14196	0.97608
1988.08815	0.97509
1986.03434	0.97466
1983.98053	0.97512
1981.92672	0.97604
1979.87291	0.9762
1977.8191	0.97511
1975.76529	0.97446
1973.71148	0.9752
1971.65767	0.97661
1969.60386	0.97795
1967.55005	0.9784
1965.49624	0.97759
1963.44243	0.97674
1961.38862	0.97711
1959.33481	0.97818
1957.281	0.97851
1955.22719	0.97758
1953.17338	0.97612
1951.11957	0.97515
1949.06576	0.97486
1947.01195	0.97516
1944.95814	0.97615
1942.90433	0.97724
1940.85052	0.97745
1938.79671	0.97644
1936.7429	0.97529
1934.68909	0.9753
1932.63528	0.97595
1930.58147	0.97619
1928.52766	0.97632
1926.47385	0.97656
1924.42004	0.97657
1922.36623	0.97605
1920.31242	0.97536
1918.25861	0.97492
1916.20479	0.97449
1914.15098	0.97419
1912.09717	0.9746
1910.04336	0.97527
1907.98955	0.97542
1905.93574	0.97522
1903.88193	0.97496
1901.82812	0.97486
1899.77431	0.97521
1897.7205	0.97567
1895.66669	0.97581
1893.61288	0.97553
1891.55907	0.97505
1889.50526	0.97495
1887.45145	0.97509
1885.39764	0.97509
1883.34383	0.9755
1881.29002	0.97607
1879.23621	0.97558
1877.1824	0.97455
1875.12859	0.97419
1873.07478	0.97438
1871.02097	0.9745
1868.96716	0.97454
1866.91335	0.97484
1864.85954	0.97511
1862.80573	0.97508
1860.75192	0.97499
1858.69811	0.97508
1856.6443	0.97526
1854.59049	0.97526
1852.53668	0.97505
1850.48287	0.97488
1848.42906	0.97494
1846.37525	0.97506
1844.32144	0.97495
1842.26763	0.97469
1840.21382	0.97458
1838.16001	0.97461
1836.1062	0.97464
1834.05239	0.97467
1831.99858	0.97472
1829.94477	0.97483
1827.89096	0.97487
1825.83715	0.97469
1823.78334	0.97432
1821.72953	0.97415
1819.67572	0.97426
1817.62191	0.97426
1815.5681	0.97409
1813.51429	0.97393
1811.46048	0.97383
1809.40667	0.97377
1807.35286	0.97372
1805.29905	0.9737
1803.24524	0.97357
1801.19143	0.97298
1799.13762	0.97214
1797.08381	0.97179
1795.03	0.97196
1792.97619	0.97224
1790.92238	0.97242
1788.86857	0.97247
1786.81476	0.97238
1784.76095	0.97232
1782.70714	0.97251
1780.65333	0.97257
1778.59952	0.97229
1776.54571	0.97211
1774.4919	0.97204
1772.43809	0.97195
1770.38428	0.97197
1768.33047	0.97203
1766.27666	0.97212
1764.22285	0.97222
1762.16904	0.97218
1760.11523	0.97209
1758.06142	0.97192
1756.00761	0.97157
1753.9538	0.97118
1751.89999	0.97078
1749.84618	0.97035
1747.79237	0.97014
1745.73856	0.9701
1743.68475	0.97006
1741.63094	0.96996
1739.57713	0.96965
1737.52332	0.96926
1735.46951	0.96888
1733.4157	0.96842
1731.36189	0.96822
1729.30808	0.96817
1727.25427	0.96788
1725.20046	0.96719
1723.14665	0.96646
1721.09284	0.96607
1719.03903	0.96581
1716.98522	0.96538
1714.93141	0.96489
1712.8776	0.96472
1710.82379	0.96478
1708.76998	0.96471
1706.71617	0.96433
1704.66236	0.96386
1702.60855	0.96356
1700.55474	0.96315
1698.50093	0.96237
1696.44712	0.96159
1694.39331	0.96111
1692.3395	0.96078
1690.28569	0.96015
1688.23188	0.95941
1686.17807	0.95888
1684.12426	0.95779
1682.07045	0.95631
1680.01664	0.95548
1677.96283	0.95489
1675.90902	0.95405
1673.85521	0.95296
1671.8014	0.95203
1669.74759	0.95109
1667.69378	0.95025
1665.63997	0.9497
1663.58616	0.94908
1661.53235	0.94839
1659.47854	0.94783
1657.42473	0.94735
1655.37092	0.94689
1653.31711	0.94631
1651.2633	0.94609
1649.20949	0.94616
1647.15568	0.9461
1645.10187	0.94602
1643.04806	0.94605
1640.99425	0.94606
1638.94044	0.94602
1636.88663	0.94601
1634.83282	0.94602
1632.77901	0.94608
1630.7252	0.94619
1628.67139	0.94639
1626.61758	0.94682
1624.56377	0.94745
1622.50996	0.94815
1620.45614	0.94872
1618.40233	0.94915
1616.34852	0.94971
1614.29471	0.95016
1612.2409	0.95046
1610.18709	0.95097
1608.13328	0.95169
1606.07947	0.95231
1604.02566	0.95267
1601.97185	0.9529
1599.91804	0.9532
1597.86423	0.95346
1595.81042	0.95363
1593.75661	0.95372
1591.7028	0.9537
1589.64899	0.95358
1587.59518	0.95348
1585.54137	0.95331
1583.48756	0.953
1581.43375	0.95279
1579.37994	0.95265
1577.32613	0.95245
1575.27232	0.95225
1573.21851	0.95195
1571.1647	0.95142
1569.11089	0.95081
1567.05708	0.95033
1565.00327	0.94981
1562.94946	0.94922
1560.89565	0.94846
1558.84184	0.94716
1556.78803	0.9461
1554.73422	0.94536
1552.68041	0.94441
1550.6266	0.94326
1548.57279	0.942
1546.51898	0.94063
1544.46517	0.93903
1542.41136	0.93759
1540.35755	0.93608
1538.30374	0.9341
1536.24993	0.93267
1534.19612	0.93131
1532.14231	0.92973
1530.0885	0.92837
1528.03469	0.92705
1525.98088	0.92562
1523.92707	0.92429
1521.87326	0.92274
1519.81945	0.92115
1517.76564	0.91974
1515.71183	0.91823
1513.65802	0.91702
1511.60421	0.91617
1509.5504	0.91524
1507.49659	0.91367
1505.44278	0.91186
1503.38897	0.91076
1501.33516	0.90959
1499.28135	0.90795
1497.22754	0.90597
1495.17373	0.90413
1493.11992	0.90271
1491.06611	0.90117
1489.0123	0.89927
1486.95849	0.89766
1484.90468	0.8965
1482.85087	0.89531
1480.79706	0.89359
1478.74325	0.88996
1476.68944	0.879
1474.63563	0.85466
1472.58182	0.82734
1470.52801	0.82096
1468.4742	0.82792
1466.42039	0.8322
1464.36658	0.82944
1462.31277	0.82777
1460.25896	0.83461
1458.20515	0.84786
1456.15134	0.86006
1454.09753	0.86611
1452.04372	0.87014
1449.98991	0.87381
1447.9361	0.87692
1445.88229	0.87934
1443.82848	0.88112
1441.77467	0.88243
1439.72086	0.8835
1437.66705	0.8846
1435.61324	0.88558
1433.55943	0.88634
1431.50562	0.88745
1429.45181	0.88897
1427.398	0.89057
1425.34419	0.89239
1423.29038	0.89439
1421.23657	0.89611
1419.18276	0.89814
1417.12895	0.90087
1415.07514	0.90365
1413.02133	0.90671
1410.96752	0.91018
1408.91371	0.91367
1406.8599	0.91686
1404.80609	0.91994
1402.75228	0.92269
1400.69847	0.92496
1398.64466	0.92709
1396.59085	0.9291
1394.53704	0.93107
1392.48323	0.93293
1390.42942	0.93449
1388.37561	0.93591
1386.3218	0.93717
1384.26799	0.93789
1382.21418	0.93811
1380.16037	0.93793
1378.10656	0.93774
1376.05275	0.93807
1373.99894	0.93901
1371.94513	0.93995
1369.89132	0.94058
1367.83751	0.94129
1365.7837	0.94227
1363.72989	0.94335
1361.67608	0.94445
1359.62227	0.94526
1357.56846	0.94569
1355.51465	0.94615
1353.46084	0.94677
1351.40703	0.94728
1349.35322	0.94769
1347.29941	0.94823
1345.2456	0.94879
1343.19179	0.94911
1341.13798	0.94939
1339.08417	0.94991
1337.03036	0.95057
1334.97655	0.95117
1332.92274	0.95152
1330.86893	0.95161
1328.81512	0.95165
1326.7613	0.95167
1324.70749	0.95164
1322.65368	0.9516
1320.59987	0.95158
1318.54606	0.95147
1316.49225	0.95124
1314.43844	0.95104
1312.38463	0.95101
1310.33082	0.95105
1308.27701	0.95102
1306.2232	0.95102
1304.16939	0.9512
1302.11558	0.95144
1300.06177	0.95151
1298.00796	0.95152
1295.95415	0.95151
1293.90034	0.95147
1291.84653	0.95152
1289.79272	0.95163
1287.73891	0.95178
1285.6851	0.95183
1283.63129	0.9516
1281.57748	0.95127
1279.52367	0.95108
1277.46986	0.95085
1275.41605	0.95038
1273.36224	0.94984
1271.30843	0.94943
1269.25462	0.94906
1267.20081	0.94874
1265.147	0.94854
1263.09319	0.94844
1261.03938	0.94847
1258.98557	0.94851
1256.93176	0.94837
1254.87795	0.94813
1252.82414	0.94789
1250.77033	0.94763
1248.71652	0.94753
1246.66271	0.9476
1244.6089	0.94749
1242.55509	0.94722
1240.50128	0.94704
1238.44747	0.94705
1236.39366	0.94722
1234.33985	0.94733
1232.28604	0.94734
1230.23223	0.94741
1228.17842	0.94736
1226.12461	0.94717
1224.0708	0.947
1222.01699	0.94683
1219.96318	0.94669
1217.90937	0.94652
1215.85556	0.94614
1213.80175	0.94571
1211.74794	0.94532
1209.69413	0.945
1207.64032	0.94487
1205.58651	0.94486
1203.5327	0.94473
1201.47889	0.94444
1199.42508	0.94421
1197.37127	0.94407
1195.31746	0.94385
1193.26365	0.94358
1191.20984	0.94337
1189.15603	0.94317
1187.10222	0.94285
1185.04841	0.94241
1182.9946	0.94193
1180.94079	0.94144
1178.88698	0.94077
1176.83317	0.93985
1174.77936	0.93897
1172.72555	0.93832
1170.67174	0.93778
1168.61793	0.93713
1166.56412	0.93643
1164.51031	0.93578
1162.4565	0.93516
1160.40269	0.93466
1158.34888	0.93444
1156.29507	0.93418
1154.24126	0.93353
1152.18745	0.9326
1150.13364	0.93163
1148.07983	0.93069
1146.02602	0.92996
1143.97221	0.92941
1141.9184	0.92862
1139.86459	0.92744
1137.81078	0.92615
1135.75697	0.925
1133.70316	0.92374
1131.64935	0.92202
1129.59554	0.92018
1127.54173	0.91847
1125.48792	0.91644
1123.43411	0.91408
1121.3803	0.91154
1119.32649	0.90879
1117.27268	0.90616
1115.21887	0.9039
1113.16506	0.90175
1111.11125	0.89962
1109.05744	0.8975
1107.00363	0.89536
1104.94982	0.89334
1102.89601	0.89123
1100.8422	0.88887
1098.78839	0.88667
1096.73458	0.88495
1094.68077	0.8834
1092.62696	0.88184
1090.57315	0.88049
1088.51934	0.87902
1086.46553	0.87708
1084.41172	0.87506
1082.35791	0.87352
1080.3041	0.87255
1078.25029	0.87173
1076.19648	0.87094
1074.14267	0.87015
1072.08886	0.86914
1070.03505	0.86792
1067.98124	0.86658
1065.92743	0.86513
1063.87362	0.86363
1061.81981	0.86204
1059.766	0.86024
1057.71219	0.85815
1055.65838	0.85568
1053.60457	0.85292
1051.55076	0.85005
1049.49695	0.84716
1047.44314	0.84403
1045.38933	0.8407
1043.33552	0.83756
1041.28171	0.83472
1039.2279	0.83191
1037.17409	0.82926
1035.12028	0.82717
1033.06647	0.82589
1031.01265	0.82557
1028.95884	0.82587
1026.90503	0.82626
1024.85122	0.82678
1022.79741	0.82765
1020.7436	0.82866
1018.68979	0.82937
1016.63598	0.82966
1014.58217	0.82991
1012.52836	0.83054
1010.47455	0.83146
1008.42074	0.83253
1006.36693	0.83414
1004.31312	0.83656
1002.25931	0.83933
1000.2055	0.84219
998.15169	0.84538
996.09788	0.84893
994.04407	0.85259
991.99026	0.85629
989.93645	0.86015
987.88264	0.864
985.82883	0.8677
983.77502	0.87143
981.72121	0.87534
979.6674	0.87907
977.61359	0.88237
975.55978	0.88561
973.50597	0.88901
971.45216	0.89225
969.39835	0.8952
967.34454	0.89787
965.29073	0.90014
963.23692	0.90198
961.18311	0.90373
959.1293	0.90551
957.07549	0.90703
955.02168	0.90828
952.96787	0.90964
950.91406	0.911
948.86025	0.91208
946.80644	0.91299
944.75263	0.91383
942.69882	0.91443
940.64501	0.91478
938.5912	0.91525
936.53739	0.91595
934.48358	0.91652
932.42977	0.91671
930.37596	0.91664
928.32215	0.91668
926.26834	0.91692
924.21453	0.91692
922.16072	0.9165
920.10691	0.91587
918.0531	0.91512
915.99929	0.91445
913.94548	0.91424
911.89167	0.91475
909.83786	0.91586
907.78405	0.91727
905.73024	0.91897
903.67643	0.92065
901.62262	0.92203
899.56881	0.9235
897.515	0.92473
895.46119	0.92539
893.40738	0.92603
891.35357	0.92683
889.29976	0.92744
887.24595	0.92716
885.19214	0.92519
883.13833	0.92124
881.08452	0.91519
879.03071	0.90784
876.9769	0.90234
874.92309	0.90197
872.86928	0.90696
870.81547	0.91415
868.76166	0.91934
866.70785	0.92091
864.65404	0.92017
862.60023	0.91851
860.54642	0.91662
858.49261	0.91506
856.4388	0.91508
854.38499	0.91816
852.33118	0.92349
850.27737	0.92765
848.22356	0.92927
846.16975	0.92975
844.11594	0.93006
842.06213	0.93057
840.00832	0.93102
837.95451	0.93085
835.9007	0.93017
833.84689	0.92944
831.79308	0.92906
829.73927	0.92895
827.68546	0.9289
825.63165	0.92878
823.57784	0.92874
821.52403	0.92932
819.47022	0.9301
817.41641	0.92994
815.3626	0.92916
813.30879	0.92848
811.25498	0.92771
809.20117	0.92686
807.14736	0.92568
805.09355	0.92376
803.03974	0.9216
800.98593	0.92009
798.93212	0.91939
796.87831	0.91918
794.8245	0.91954
792.77069	0.92041
790.71688	0.92127
788.66307	0.92194
786.60926	0.92213
784.55545	0.92148
782.50164	0.92049
780.44783	0.91972
778.39402	0.91948
776.34021	0.91977
774.2864	0.92046
772.23259	0.92162
770.17878	0.92266
768.12497	0.92291
766.07116	0.92276
764.01735	0.9227
761.96354	0.92279
759.90973	0.92274
757.85592	0.92251
755.80211	0.92246
753.7483	0.92246
751.69449	0.92221
749.64068	0.92203
747.58687	0.92204
745.53306	0.92204
743.47925	0.92222
741.42544	0.92239
739.37163	0.92217
737.31781	0.92109
735.264	0.91605
733.21019	0.90177
731.15638	0.88266
729.10257	0.87435
727.04876	0.87918
724.99495	0.88204
722.94114	0.87087
720.88733	0.84577
718.83352	0.82266
716.77971	0.81899
714.7259	0.83351
712.67209	0.85434
710.61828	0.87234
708.56447	0.88439
706.51066	0.89093
704.45685	0.89389
702.40304	0.89476
700.34923	0.89435
698.29542	0.89414
696.24161	0.89499
694.1878	0.89629
692.13399	0.89712
690.08018	0.89773
688.02637	0.89865
685.97256	0.89924
683.91875	0.89999
681.86494	0.90123
679.81113	0.90176
677.75732	0.90154
675.70351	0.90128
673.6497	0.90108
671.59589	0.90125
669.54208	0.90235
667.48827	0.90352
665.43446	0.90316
663.38065	0.90249
661.32684	0.90197
659.27303	0.90162
657.21922	0.90153
655.16541	0.90117
653.1116	0.90068
651.05779	0.9004
649.00398	0.90024
646.95017	0.90049
644.89636	0.90046
642.84255	0.89967
640.78874	0.89894
638.73493	0.89834
636.68112	0.89743
634.62731	0.89675
632.5735	0.89685
630.51969	0.89717
628.46588	0.89697
626.41207	0.89643
624.35826	0.89608
622.30445	0.89589
620.25064	0.89562
618.19683	0.89511
616.14302	0.89446
614.08921	0.89348
612.0354	0.89231
609.98159	0.89156
607.92778	0.89148
605.87397	0.89166
603.82016	0.89096
601.76635	0.88906
599.71254	0.88722
597.65873	0.88599
595.60492	0.88498
593.55111	0.8846
591.4973	0.88432
589.44349	0.8833
587.38968	0.88203
585.33587	0.88014
583.28206	0.87798
581.22825	0.87695
579.17444	0.87621
577.12063	0.87506
575.06682	0.87432
573.01301	0.87278
570.9592	0.86971
568.90539	0.86715
566.85158	0.86632
564.79777	0.86589
562.74396	0.8648
560.69015	0.8634
558.63634	0.86137
556.58253	0.85897
554.52872	0.85764
552.47491	0.85723
550.4211	0.85584
548.36729	0.85318
546.31348	0.8514
544.25967	0.85035
542.20586	0.84809
540.15205	0.84503
538.09824	0.84237
536.04443	0.84092
533.99062	0.8403
531.93681	0.83909
529.883	0.83763
527.82919	0.83654
525.77538	0.83479
523.72157	0.83297
521.66776	0.83229
519.61395	0.83236
517.56014	0.8336
515.50633	0.83615
513.45252	0.83865
511.39871	0.84021
509.3449	0.84144
507.29109	0.84272
505.23728	0.84287
503.18347	0.84256
501.12966	0.84379
499.07585	0.84587
497.02204	0.84651
494.96823	0.84519
492.91442	0.84342
490.86061	0.84207
488.8068	0.84029
486.75299	0.83656
484.69918	0.83097
482.64537	0.82589
480.59156	0.82141
478.53775	0.81532
476.48394	0.80734
474.43013	0.79975
472.37632	0.7947
470.32251	0.7913
468.2687	0.78855
466.21489	0.78855
464.16108	0.79173
462.10727	0.79478
460.05346	0.79712
457.99965	0.80129
455.94584	0.80616
453.89203	0.80984
451.83822	0.81342
449.78441	0.81612
447.7306	0.81627
445.67679	0.81632
443.62298	0.82001
441.56916	0.82528
439.51535	0.82681
437.46154	0.82453
435.40773	0.82183
433.35392	0.81931
431.30011	0.81711
429.2463	0.81754
427.19249	0.81944
425.13868	0.81811
423.08487	0.81482
421.03106	0.81427
418.97725	0.817
416.92344	0.82271
414.86963	0.82805
412.81582	0.83118
410.76201	0.83456
408.7082	0.84012
406.65439	0.8458
404.60058	0.84803
402.54677	0.84664
400.49296	0.84357
398.43915	0.83684
KMeans Clustering	4.0
Spectral Clustering	6.0
Agglomerative Clustering	4.0
